SEAL: 1.88369
TFHE: 2.69259
make graph: 13.7629
3, 6
0.40824	-0.8959	0.40824
0.228614	-1.47572	0.228616
0.205753	-1.58108	0.205756
0.40824	-0.8959	0.40824
0.40824	-0.8959	0.40824
0.3969	-0.924071	0.3969
0.367416	-1.00126	0.367416
0.367416	-1.00126	0.367416
0.35721	-1.02943	0.35721
0.40824	-0.8959	0.40824
0.257191	-1.35794	0.257192
0.257191	-1.35794	0.257192
0.228614	-1.47572	0.228616
0.144027	-1.93775	0.144058
0.144027	-1.93775	0.144058
0.205753	-1.58108	0.205756
0.129624	-2.04311	0.12968
0.129624	-2.04311	0.12968
0.367416	-1.00126	0.367416
0.367416	-1.00126	0.367416
0.35721	-1.02943	0.35721
0.40824	-0.8959	0.40824
0.257191	-1.35794	0.257192
0.257191	-1.35794	0.257192
0.228614	-1.47572	0.228616
0.144027	-1.93775	0.144058
0.144027	-1.93775	0.144058
0.205753	-1.58108	0.205756
0.129624	-2.04311	0.12968
0.129624	-2.04311	0.12968
0.26454	-1.32976	0.26454
0.26454	-1.32976	0.26454
0.257191	-1.35794	0.257192
0.293933	-1.2244	0.293933
0.185178	-1.68644	0.185185
0.185178	-1.68644	0.185185
0.164602	-1.80422	0.164617
0.103699	-2.26626	0.10387
0.103699	-2.26626	0.10387
0.148142	-1.90958	0.148169
0.0933295	-2.37162	0.0936082
0.0933295	-2.37162	0.0936082
0.228614	-1.47572	0.228616
0.36288	-1.01368	0.36288
0.128024	-2.05554	0.128083
0.228614	-1.47572	0.228616
0.115222	-2.1609	0.115323
0.228614	-1.47572	0.228616
0.285768	-1.25257	0.285768
0.285768	-1.25257	0.285768
0.285768	-1.25257	0.285768
0.205753	-1.58108	0.205756
0.4536	-0.79054	0.4536
0.16003	-1.83239	0.160047
0.16003	-1.83239	0.160047
0.16003	-1.83239	0.160047
0.115222	-2.1609	0.115323
0.285768	-1.25257	0.285768
0.144027	-1.93775	0.144058
0.144027	-1.93775	0.144058
0.144027	-1.93775	0.144058
0.103699	-2.26626	0.10387
0.285768	-1.25257	0.285768
0.254016	-1.37036	0.254017
0.228614	-1.47572	0.228616
0.228614	-1.47572	0.228616
0.164602	-1.80422	0.164617
0.567	-0.567396	0.567
0.228614	-1.47572	0.228616
0.228614	-1.47572	0.228616
0.228614	-1.47572	0.228616
0.164602	-1.80422	0.164617
0.36288	-1.01368	0.36288
0.228614	-1.47572	0.228616
0.228614	-1.47572	0.228616
0.203213	-1.5935	0.203217
0.182892	-1.69886	0.182899
0.182892	-1.69886	0.182899
0.131682	-2.02737	0.131733
0.205753	-1.58108	0.205756
0.205753	-1.58108	0.205756
0.205753	-1.58108	0.205756
0.148142	-1.90958	0.148169
0.326592	-1.11904	0.326592
0.205753	-1.58108	0.205756
0.205753	-1.58108	0.205756
0.182892	-1.69886	0.182899
0.164602	-1.80422	0.164617
0.164602	-1.80422	0.164617
0.118514	-2.13273	0.118602
0.182892	-1.69886	0.182899
0.205753	-1.58108	0.205756
0.205753	-1.58108	0.205756
0.200038	-1.60925	0.200042
0.205753	-1.58108	0.205756
0.205753	-1.58108	0.205756
0.200038	-1.60925	0.200042
0.182892	-1.69886	0.182899
0.115222	-2.1609	0.115323
0.115222	-2.1609	0.115323
0.228614	-1.47572	0.228616
0.144027	-1.93775	0.144058
0.144027	-1.93775	0.144058
0.128024	-2.05554	0.128083
0.205753	-1.58108	0.205756
0.205753	-1.58108	0.205756
0.200038	-1.60925	0.200042
0.182892	-1.69886	0.182899
0.115222	-2.1609	0.115323
0.115222	-2.1609	0.115323
0.148142	-1.90958	0.148169
0.148142	-1.90958	0.148169
0.144027	-1.93775	0.144058
0.131682	-2.02737	0.131733
0.0829596	-2.4894	0.0834306
0.0829596	-2.4894	0.0834306
0.293933	-1.2244	0.293933
0.330674	-1.10662	0.330674
0.330674	-1.10662	0.330674
0.321489	-1.13479	0.321489
0.330674	-1.10662	0.330674
0.330674	-1.10662	0.330674
0.321489	-1.13479	0.321489
0.293933	-1.2244	0.293933
0.185178	-1.68644	0.185185
0.185178	-1.68644	0.185185
0.367416	-1.00126	0.367416
0.231472	-1.4633	0.231474
0.231472	-1.4633	0.231474
0.205753	-1.58108	0.205756
0.330674	-1.10662	0.330674
0.330674	-1.10662	0.330674
0.321489	-1.13479	0.321489
0.293933	-1.2244	0.293933
0.185178	-1.68644	0.185185
0.185178	-1.68644	0.185185
0.205753	-1.58108	0.205756
0.129624	-2.04311	0.12968
0.129624	-2.04311	0.12968
0.115222	-2.1609	0.115323
0.185178	-1.68644	0.185185
0.116662	-2.14848	0.116757
0.116662	-2.14848	0.116757
0.103699	-2.26626	0.10387
0.293933	-1.2244	0.293933
0.164602	-1.80422	0.164617
0.148142	-1.90958	0.148169
0.293933	-1.2244	0.293933
0.293933	-1.2244	0.293933
0.285768	-1.25257	0.285768
0.26454	-1.32976	0.26454
0.26454	-1.32976	0.26454
0.257191	-1.35794	0.257192
0.293933	-1.2244	0.293933
0.185178	-1.68644	0.185185
0.185178	-1.68644	0.185185
0.164602	-1.80422	0.164617
0.103699	-2.26626	0.10387
0.103699	-2.26626	0.10387
0.148142	-1.90958	0.148169
0.0933295	-2.37162	0.0936082
0.0933295	-2.37162	0.0936082
0.26454	-1.32976	0.26454
0.26454	-1.32976	0.26454
0.257191	-1.35794	0.257192
0.293933	-1.2244	0.293933
0.185178	-1.68644	0.185185
0.185178	-1.68644	0.185185
0.164602	-1.80422	0.164617
0.103699	-2.26626	0.10387
0.103699	-2.26626	0.10387
0.148142	-1.90958	0.148169
0.0933295	-2.37162	0.0936082
0.0933295	-2.37162	0.0936082
0.164602	-1.80422	0.164617
0.261274	-1.34219	0.261274
0.0921773	-2.38404	0.0924722
0.164602	-1.80422	0.164617
0.0829596	-2.4894	0.0834306
0.164602	-1.80422	0.164617
0.40824	-0.8959	0.40824
0.228614	-1.47572	0.228616
0.205753	-1.58108	0.205756
0.40824	-0.8959	0.40824
0.40824	-0.8959	0.40824
0.3969	-0.924071	0.3969
0.367416	-1.00126	0.367416
0.367416	-1.00126	0.367416
0.35721	-1.02943	0.35721
0.40824	-0.8959	0.40824
0.257191	-1.35794	0.257192
0.257191	-1.35794	0.257192
0.228614	-1.47572	0.228616
0.144027	-1.93775	0.144058
0.144027	-1.93775	0.144058
0.205753	-1.58108	0.205756
0.129624	-2.04311	0.12968
0.129624	-2.04311	0.12968
0.367416	-1.00126	0.367416
0.367416	-1.00126	0.367416
0.35721	-1.02943	0.35721
0.40824	-0.8959	0.40824
0.257191	-1.35794	0.257192
0.257191	-1.35794	0.257192
0.228614	-1.47572	0.228616
0.144027	-1.93775	0.144058
0.144027	-1.93775	0.144058
0.205753	-1.58108	0.205756
0.129624	-2.04311	0.12968
0.129624	-2.04311	0.12968
0.26454	-1.32976	0.26454
0.26454	-1.32976	0.26454
0.257191	-1.35794	0.257192
0.293933	-1.2244	0.293933
0.185178	-1.68644	0.185185
0.185178	-1.68644	0.185185
0.164602	-1.80422	0.164617
0.103699	-2.26626	0.10387
0.103699	-2.26626	0.10387
0.148142	-1.90958	0.148169
0.0933295	-2.37162	0.0936082
0.0933295	-2.37162	0.0936082
0.228614	-1.47572	0.228616
0.36288	-1.01368	0.36288
0.128024	-2.05554	0.128083
0.228614	-1.47572	0.228616
0.115222	-2.1609	0.115323
0.228614	-1.47572	0.228616
0.367416	-1.00126	0.367416
0.205753	-1.58108	0.205756
0.185178	-1.68644	0.185185
0.367416	-1.00126	0.367416
0.205753	-1.58108	0.205756
0.185178	-1.68644	0.185185
0.26454	-1.32976	0.26454
0.148142	-1.90958	0.148169
0.133328	-2.01494	0.133376
0.326592	-1.11904	0.326592
0.293933	-1.2244	0.293933
0.367416	-1.00126	0.367416
0.293933	-1.2244	0.293933
0.211632	-1.55291	0.211634
0.205753	-1.58108	0.205756
0.185178	-1.68644	0.185185
0.367416	-1.00126	0.367416
0.35721	-1.02943	0.35721
0.257191	-1.35794	0.257192
0.257191	-1.35794	0.257192
0.257191	-1.35794	0.257192
0.185178	-1.68644	0.185185
0.40824	-0.8959	0.40824
0.144027	-1.93775	0.144058
0.144027	-1.93775	0.144058
0.144027	-1.93775	0.144058
0.103699	-2.26626	0.10387
0.257191	-1.35794	0.257192
0.129624	-2.04311	0.12968
0.129624	-2.04311	0.12968
0.129624	-2.04311	0.12968
0.0933295	-2.37162	0.0936082
0.228614	-1.47572	0.228616
0.205753	-1.58108	0.205756
0.205753	-1.58108	0.205756
0.148142	-1.90958	0.148169
0.205753	-1.58108	0.205756
0.231472	-1.4633	0.231474
0.231472	-1.4633	0.231474
0.225042	-1.49147	0.225044
0.231472	-1.4633	0.231474
0.231472	-1.4633	0.231474
0.225042	-1.49147	0.225044
0.205753	-1.58108	0.205756
0.129624	-2.04311	0.12968
0.129624	-2.04311	0.12968
0.257191	-1.35794	0.257192
0.16203	-1.81997	0.162046
0.16203	-1.81997	0.162046
0.144027	-1.93775	0.144058
0.231472	-1.4633	0.231474
0.231472	-1.4633	0.231474
0.225042	-1.49147	0.225044
0.205753	-1.58108	0.205756
0.129624	-2.04311	0.12968
0.129624	-2.04311	0.12968
0.144027	-1.93775	0.144058
0.0907371	-2.39979	0.0910537
0.0907371	-2.39979	0.0910537
0.0806552	-2.51757	0.0811871
0.129624	-2.04311	0.12968
0.0816633	-2.50515	0.0821676
0.0816633	-2.50515	0.0821676
0.0725896	-2.62293	0.0734186
0.205753	-1.58108	0.205756
0.115222	-2.1609	0.115323
0.103699	-2.26626	0.10387
0.205753	-1.58108	0.205756
0.205753	-1.58108	0.205756
0.200038	-1.60925	0.200042
0.185178	-1.68644	0.185185
0.185178	-1.68644	0.185185
0.180034	-1.71461	0.180042
0.205753	-1.58108	0.205756
0.129624	-2.04311	0.12968
0.129624	-2.04311	0.12968
0.115222	-2.1609	0.115323
0.0725896	-2.62293	0.0734186
0.0725896	-2.62293	0.0734186
0.103699	-2.26626	0.10387
0.0653307	-2.72829	0.0665997
0.0653307	-2.72829	0.0665997
0.185178	-1.68644	0.185185
0.185178	-1.68644	0.185185
0.180034	-1.71461	0.180042
0.205753	-1.58108	0.205756
0.129624	-2.04311	0.12968
0.129624	-2.04311	0.12968
0.115222	-2.1609	0.115323
0.0725896	-2.62293	0.0734186
0.0725896	-2.62293	0.0734186
0.103699	-2.26626	0.10387
0.0653307	-2.72829	0.0665997
0.0653307	-2.72829	0.0665997
0.115222	-2.1609	0.115323
0.182892	-1.69886	0.182899
0.0645241	-2.74072	0.065857
0.115222	-2.1609	0.115323
0.0580717	-2.84608	0.0600754
0.115222	-2.1609	0.115323
0.4536	-0.79054	0.4536
0.567	-0.567396	0.567
0.36288	-1.01368	0.36288
0.326592	-1.11904	0.326592
0.228614	-1.47572	0.228616
0.367416	-1.00126	0.367416
0.205753	-1.58108	0.205756
0.185178	-1.68644	0.185185
0.40824	-0.8959	0.40824
0.257191	-1.35794	0.257192
0.144027	-1.93775	0.144058
0.129624	-2.04311	0.12968
0.40824	-0.8959	0.40824
0.4536	-0.79054	0.4536
0.326592	-1.11904	0.326592
0.293933	-1.2244	0.293933
0.367416	-1.00126	0.367416
0.367416	-1.00126	0.367416
0.45927	-0.778117	0.45927
0.293933	-1.2244	0.293933
0.26454	-1.32976	0.26454
0.330674	-1.10662	0.330674
0.257191	-1.35794	0.257192
0.321489	-1.13479	0.321489
0.205753	-1.58108	0.205756
0.185178	-1.68644	0.185185
0.231472	-1.4633	0.231474
0.228614	-1.47572	0.228616
0.285768	-1.25257	0.285768
0.205753	-1.58108	0.205756
0.228614	-1.47572	0.228616
0.254016	-1.37036	0.254017
0.205753	-1.58108	0.205756
0.205753	-1.58108	0.205756
0.228614	-1.47572	0.228616
0.185178	-1.68644	0.185185
0.40824	-0.8959	0.40824
0.4536	-0.79054	0.4536
0.326592	-1.11904	0.326592
0.293933	-1.2244	0.293933
0.367416	-1.00126	0.367416
0.367416	-1.00126	0.367416
0.45927	-0.778117	0.45927
0.293933	-1.2244	0.293933
0.26454	-1.32976	0.26454
0.330674	-1.10662	0.330674
0.257191	-1.35794	0.257192
0.321489	-1.13479	0.321489
0.205753	-1.58108	0.205756
0.185178	-1.68644	0.185185
0.231472	-1.4633	0.231474
0.228614	-1.47572	0.228616
0.285768	-1.25257	0.285768
0.205753	-1.58108	0.205756
0.228614	-1.47572	0.228616
0.254016	-1.37036	0.254017
0.205753	-1.58108	0.205756
0.205753	-1.58108	0.205756
0.228614	-1.47572	0.228616
0.185178	-1.68644	0.185185
0.4536	-0.79054	0.4536
0.567	-0.567396	0.567
0.36288	-1.01368	0.36288
0.326592	-1.11904	0.326592
0.228614	-1.47572	0.228616
0.367416	-1.00126	0.367416
0.205753	-1.58108	0.205756
0.185178	-1.68644	0.185185
0.40824	-0.8959	0.40824
0.257191	-1.35794	0.257192
0.144027	-1.93775	0.144058
0.129624	-2.04311	0.12968
0.326592	-1.11904	0.326592
0.40824	-0.8959	0.40824
0.261274	-1.34219	0.261274
0.235146	-1.44755	0.235148
0.164602	-1.80422	0.164617
0.293933	-1.2244	0.293933
0.293933	-1.2244	0.293933
0.326592	-1.11904	0.326592
0.235146	-1.44755	0.235148
0.211632	-1.55291	0.211634
0.26454	-1.32976	0.26454
0.164602	-1.80422	0.164617
0.205753	-1.58108	0.205756
0.148142	-1.90958	0.148169
0.164602	-1.80422	0.164617
0.182892	-1.69886	0.182899
0.148142	-1.90958	0.148169
0.148142	-1.90958	0.148169
0.164602	-1.80422	0.164617
0.133328	-2.01494	0.133376
0.228614	-1.47572	0.228616
0.285768	-1.25257	0.285768
0.182892	-1.69886	0.182899
0.164602	-1.80422	0.164617
0.115222	-2.1609	0.115323
0.205753	-1.58108	0.205756
0.36288	-1.01368	0.36288
0.293933	-1.2244	0.293933
0.205753	-1.58108	0.205756
0.182892	-1.69886	0.182899
0.4032	-0.908323	0.4032
0.290304	-1.23683	0.290304
0.164602	-1.80422	0.164617
0.115222	-2.1609	0.115323
0.261274	-1.34219	0.261274
0.148142	-1.90958	0.148169
0.103699	-2.26626	0.10387
0.326592	-1.11904	0.326592
0.40824	-0.8959	0.40824
0.5103	-0.672756	0.5103
0.326592	-1.11904	0.326592
0.293933	-1.2244	0.293933
0.367416	-1.00126	0.367416
0.40824	-0.8959	0.40824
0.5103	-0.672756	0.5103
0.326592	-1.11904	0.326592
0.293933	-1.2244	0.293933
0.367416	-1.00126	0.367416
0.293933	-1.2244	0.293933
0.367416	-1.00126	0.367416
0.235146	-1.44755	0.235148
0.211632	-1.55291	0.211634
0.26454	-1.32976	0.26454
0.205753	-1.58108	0.205756
0.257191	-1.35794	0.257192
0.164602	-1.80422	0.164617
0.148142	-1.90958	0.148169
0.185178	-1.68644	0.185185
0.326592	-1.11904	0.326592
0.36288	-1.01368	0.36288
0.261274	-1.34219	0.261274
0.235146	-1.44755	0.235148
0.293933	-1.2244	0.293933
0.40824	-0.8959	0.40824
0.4536	-0.79054	0.4536
0.326592	-1.11904	0.326592
0.293933	-1.2244	0.293933
0.367416	-1.00126	0.367416
0.326592	-1.11904	0.326592
0.326592	-1.11904	0.326592
0.235146	-1.44755	0.235148
0.164602	-1.80422	0.164617
0.40824	-0.8959	0.40824
0.5103	-0.672756	0.5103
0.326592	-1.11904	0.326592
0.293933	-1.2244	0.293933
0.367416	-1.00126	0.367416
0.40824	-0.8959	0.40824
0.5103	-0.672756	0.5103
0.326592	-1.11904	0.326592
0.293933	-1.2244	0.293933
0.367416	-1.00126	0.367416
0.293933	-1.2244	0.293933
0.367416	-1.00126	0.367416
0.235146	-1.44755	0.235148
0.211632	-1.55291	0.211634
0.26454	-1.32976	0.26454
0.205753	-1.58108	0.205756
0.257191	-1.35794	0.257192
0.164602	-1.80422	0.164617
0.148142	-1.90958	0.148169
0.185178	-1.68644	0.185185
0.326592	-1.11904	0.326592
0.36288	-1.01368	0.36288
0.261274	-1.34219	0.261274
0.235146	-1.44755	0.235148
0.293933	-1.2244	0.293933
0.293933	-1.2244	0.293933
0.367416	-1.00126	0.367416
0.45927	-0.778117	0.45927
0.293933	-1.2244	0.293933
0.26454	-1.32976	0.26454
0.293933	-1.2244	0.293933
0.330674	-1.10662	0.330674
0.293933	-1.2244	0.293933
0.367416	-1.00126	0.367416
0.235146	-1.44755	0.235148
0.211632	-1.55291	0.211634
0.26454	-1.32976	0.26454
0.293933	-1.2244	0.293933
0.367416	-1.00126	0.367416
0.235146	-1.44755	0.235148
0.211632	-1.55291	0.211634
0.26454	-1.32976	0.26454
0.235146	-1.44755	0.235148
0.261274	-1.34219	0.261274
0.188117	-1.67069	0.188123
0.169305	-1.77605	0.169317
0.211632	-1.55291	0.211634
0.205753	-1.58108	0.205756
0.257191	-1.35794	0.257192
0.321489	-1.13479	0.321489
0.205753	-1.58108	0.205756
0.185178	-1.68644	0.185185
0.205753	-1.58108	0.205756
0.231472	-1.4633	0.231474
0.182892	-1.69886	0.182899
0.228614	-1.47572	0.228616
0.285768	-1.25257	0.285768
0.131682	-2.02737	0.131733
0.182892	-1.69886	0.182899
0.205753	-1.58108	0.205756
0.0921773	-2.38404	0.0924722
0.228614	-1.47572	0.228616
0.254016	-1.37036	0.254017
0.205753	-1.58108	0.205756
0.182892	-1.69886	0.182899
0.182892	-1.69886	0.182899
0.131682	-2.02737	0.131733
0.0921773	-2.38404	0.0924722
0.205753	-1.58108	0.205756
0.228614	-1.47572	0.228616
0.185178	-1.68644	0.185185
0.164602	-1.80422	0.164617
0.164602	-1.80422	0.164617
0.118514	-2.13273	0.118602
0.0829596	-2.4894	0.0834306
0.40824	-0.8959	0.40824
0.367416	-1.00126	0.367416
0.367416	-1.00126	0.367416
0.26454	-1.32976	0.26454
0.185178	-1.68644	0.185185
0.367416	-1.00126	0.367416
0.367416	-1.00126	0.367416
0.26454	-1.32976	0.26454
0.185178	-1.68644	0.185185
0.330674	-1.10662	0.330674
0.26454	-1.32976	0.26454
0.26454	-1.32976	0.26454
0.231472	-1.4633	0.231474
0.205753	-1.58108	0.205756
0.4536	-0.79054	0.4536
0.326592	-1.11904	0.326592
0.205753	-1.58108	0.205756
0.205753	-1.58108	0.205756
0.148142	-1.90958	0.148169
0.103699	-2.26626	0.10387
0.205753	-1.58108	0.205756
0.205753	-1.58108	0.205756
0.148142	-1.90958	0.148169
0.103699	-2.26626	0.10387
0.185178	-1.68644	0.185185
0.148142	-1.90958	0.148169
0.148142	-1.90958	0.148169
0.129624	-2.04311	0.12968
0.293933	-1.2244	0.293933
0.185178	-1.68644	0.185185
0.185178	-1.68644	0.185185
0.133328	-2.01494	0.133376
0.0933295	-2.37162	0.0936082
0.185178	-1.68644	0.185185
0.185178	-1.68644	0.185185
0.133328	-2.01494	0.133376
0.0933295	-2.37162	0.0936082
0.16666	-1.7918	0.166673
0.133328	-2.01494	0.133376
0.133328	-2.01494	0.133376
0.116662	-2.14848	0.116757
0.367416	-1.00126	0.367416
0.326592	-1.11904	0.326592
0.26454	-1.32976	0.26454
0.185178	-1.68644	0.185185
0.164602	-1.80422	0.164617
0.26454	-1.32976	0.26454
0.185178	-1.68644	0.185185
0.164602	-1.80422	0.164617
0.326592	-1.11904	0.326592
0.235146	-1.44755	0.235148
0.118514	-2.13273	0.118602
0.164602	-1.80422	0.164617
0.40824	-0.8959	0.40824
0.367416	-1.00126	0.367416
0.367416	-1.00126	0.367416
0.26454	-1.32976	0.26454
0.185178	-1.68644	0.185185
0.367416	-1.00126	0.367416
0.367416	-1.00126	0.367416
0.26454	-1.32976	0.26454
0.185178	-1.68644	0.185185
0.330674	-1.10662	0.330674
0.26454	-1.32976	0.26454
0.26454	-1.32976	0.26454
0.231472	-1.4633	0.231474
0.205753	-1.58108	0.205756
0.4536	-0.79054	0.4536
0.326592	-1.11904	0.326592
0.205753	-1.58108	0.205756
0.205753	-1.58108	0.205756
0.148142	-1.90958	0.148169
0.103699	-2.26626	0.10387
0.205753	-1.58108	0.205756
0.205753	-1.58108	0.205756
0.148142	-1.90958	0.148169
0.103699	-2.26626	0.10387
0.185178	-1.68644	0.185185
0.148142	-1.90958	0.148169
0.148142	-1.90958	0.148169
0.129624	-2.04311	0.12968
0.293933	-1.2244	0.293933
0.185178	-1.68644	0.185185
0.185178	-1.68644	0.185185
0.133328	-2.01494	0.133376
0.0933295	-2.37162	0.0936082
0.185178	-1.68644	0.185185
0.185178	-1.68644	0.185185
0.133328	-2.01494	0.133376
0.0933295	-2.37162	0.0936082
0.16666	-1.7918	0.166673
0.133328	-2.01494	0.133376
0.133328	-2.01494	0.133376
0.116662	-2.14848	0.116757
0.326592	-1.11904	0.326592
0.26454	-1.32976	0.26454
0.185178	-1.68644	0.185185
0.164602	-1.80422	0.164617
0.26454	-1.32976	0.26454
0.185178	-1.68644	0.185185
0.164602	-1.80422	0.164617
0.326592	-1.11904	0.326592
0.235146	-1.44755	0.235148
0.118514	-2.13273	0.118602
0.164602	-1.80422	0.164617
0.367416	-1.00126	0.367416
0.205753	-1.58108	0.205756
0.185178	-1.68644	0.185185
0.367416	-1.00126	0.367416
0.205753	-1.58108	0.205756
0.185178	-1.68644	0.185185
0.26454	-1.32976	0.26454
0.148142	-1.90958	0.148169
0.133328	-2.01494	0.133376
0.326592	-1.11904	0.326592
0.40824	-0.8959	0.40824
0.5103	-0.672756	0.5103
0.326592	-1.11904	0.326592
0.293933	-1.2244	0.293933
0.164602	-1.80422	0.164617
0.205753	-1.58108	0.205756
0.164602	-1.80422	0.164617
0.118514	-2.13273	0.118602
0.26454	-1.32976	0.26454
0.330674	-1.10662	0.330674
0.26454	-1.32976	0.26454
0.185178	-1.68644	0.185185
0.16666	-1.7918	0.166673
0.26454	-1.32976	0.26454
0.148142	-1.90958	0.148169
0.133328	-2.01494	0.133376
0.26454	-1.32976	0.26454
0.148142	-1.90958	0.148169
0.133328	-2.01494	0.133376
0.235146	-1.44755	0.235148
0.367416	-1.00126	0.367416
0.205753	-1.58108	0.205756
0.185178	-1.68644	0.185185
0.367416	-1.00126	0.367416
0.205753	-1.58108	0.205756
0.185178	-1.68644	0.185185
0.26454	-1.32976	0.26454
0.148142	-1.90958	0.148169
0.133328	-2.01494	0.133376
0.326592	-1.11904	0.326592
0.185178	-1.68644	0.185185
0.231472	-1.4633	0.231474
0.185178	-1.68644	0.185185
0.129624	-2.04311	0.12968
0.116662	-2.14848	0.116757
0.185178	-1.68644	0.185185
0.103699	-2.26626	0.10387
0.0933295	-2.37162	0.0936082
0.185178	-1.68644	0.185185
0.103699	-2.26626	0.10387
0.0933295	-2.37162	0.0936082
0.164602	-1.80422	0.164617
0.441	-0.81871	0.441
Ind prob: 84.6278
17, 15
0.40824	-0.8959	0.40824
0.367416	-1.00126	0.367416
0.326592	-1.11904	0.326592
0.293933	-1.2244	0.293933
0.567	-0.567396	0.567
0.40824	-0.8959	0.40824
0.367416	-1.00126	0.367416
0.326592	-1.11904	0.326592
0.293933	-1.2244	0.293933
0.567	-0.567396	0.567
0.293933	-1.2244	0.293933
0.26454	-1.32976	0.26454
0.235146	-1.44755	0.235148
0.211632	-1.55291	0.211634
0.40824	-0.8959	0.40824
0.205753	-1.58108	0.205756
0.185178	-1.68644	0.185185
0.164602	-1.80422	0.164617
0.148142	-1.90958	0.148169
0.285768	-1.25257	0.285768
0.36288	-1.01368	0.36288
0.326592	-1.11904	0.326592
0.290304	-1.23683	0.290304
0.261274	-1.34219	0.261274
0.36288	-1.01368	0.36288
0.40824	-0.8959	0.40824
0.367416	-1.00126	0.367416
0.326592	-1.11904	0.326592
0.293933	-1.2244	0.293933
0.40824	-0.8959	0.40824
0.326592	-1.11904	0.326592
0.326592	-1.11904	0.326592
0.235146	-1.44755	0.235148
0.164602	-1.80422	0.164617
0.40824	-0.8959	0.40824
0.367416	-1.00126	0.367416
0.326592	-1.11904	0.326592
0.293933	-1.2244	0.293933
0.326592	-1.11904	0.326592
0.326592	-1.11904	0.326592
0.235146	-1.44755	0.235148
0.164602	-1.80422	0.164617
0.567	-0.567396	0.567
0.205753	-1.58108	0.205756
0.257191	-1.35794	0.257192
0.205753	-1.58108	0.205756
0.185178	-1.68644	0.185185
0.148142	-1.90958	0.148169
0.205753	-1.58108	0.205756
0.35721	-1.02943	0.35721
0.103699	-2.26626	0.10387
0.285768	-1.25257	0.285768
0.228614	-1.47572	0.228616
0.205753	-1.58108	0.205756
0.285768	-1.25257	0.285768
0.228614	-1.47572	0.228616
0.228614	-1.47572	0.228616
0.164602	-1.80422	0.164617
0.115222	-2.1609	0.115323
0.257191	-1.35794	0.257192
0.367416	-1.00126	0.367416
0.40824	-0.8959	0.40824
0.330674	-1.10662	0.330674
0.367416	-1.00126	0.367416
0.231472	-1.4633	0.231474
0.321489	-1.13479	0.321489
0.205753	-1.58108	0.205756
0.293933	-1.2244	0.293933
0.326592	-1.11904	0.326592
0.185178	-1.68644	0.185185
0.26454	-1.32976	0.26454
0.293933	-1.2244	0.293933
0.567	-0.567396	0.567
0.40824	-0.8959	0.40824
0.367416	-1.00126	0.367416
0.326592	-1.11904	0.326592
0.293933	-1.2244	0.293933
0.40824	-0.8959	0.40824
0.40824	-0.8959	0.40824
0.367416	-1.00126	0.367416
0.326592	-1.11904	0.326592
0.293933	-1.2244	0.293933
0.567	-0.567396	0.567
0.257191	-1.35794	0.257192
0.205753	-1.58108	0.205756
0.185178	-1.68644	0.185185
0.35721	-1.02943	0.35721
0.285768	-1.25257	0.285768
0.228614	-1.47572	0.228616
0.205753	-1.58108	0.205756
0.285768	-1.25257	0.285768
0.257191	-1.35794	0.257192
0.367416	-1.00126	0.367416
0.40824	-0.8959	0.40824
0.330674	-1.10662	0.330674
0.367416	-1.00126	0.367416
0.231472	-1.4633	0.231474
0.321489	-1.13479	0.321489
0.205753	-1.58108	0.205756
0.293933	-1.2244	0.293933
0.326592	-1.11904	0.326592
0.185178	-1.68644	0.185185
0.26454	-1.32976	0.26454
0.293933	-1.2244	0.293933
0.567	-0.567396	0.567
0.185178	-1.68644	0.185185
0.26454	-1.32976	0.26454
0.293933	-1.2244	0.293933
0.238086	-1.43513	0.238087
0.26454	-1.32976	0.26454
0.16666	-1.7918	0.166673
0.231472	-1.4633	0.231474
0.148142	-1.90958	0.148169
0.211632	-1.55291	0.211634
0.235146	-1.44755	0.235148
0.133328	-2.01494	0.133376
0.190468	-1.65827	0.190474
0.211632	-1.55291	0.211634
0.40824	-0.8959	0.40824
0.129624	-2.04311	0.12968
0.185178	-1.68644	0.185185
0.205753	-1.58108	0.205756
0.16666	-1.7918	0.166673
0.185178	-1.68644	0.185185
0.116662	-2.14848	0.116757
0.16203	-1.81997	0.162046
0.103699	-2.26626	0.10387
0.148142	-1.90958	0.148169
0.164602	-1.80422	0.164617
0.0933295	-2.37162	0.0936082
0.133328	-2.01494	0.133376
0.148142	-1.90958	0.148169
0.285768	-1.25257	0.285768
0.205753	-1.58108	0.205756
0.36288	-1.01368	0.36288
0.326592	-1.11904	0.326592
0.228614	-1.47572	0.228616
0.164602	-1.80422	0.164617
0.290304	-1.23683	0.290304
0.326592	-1.11904	0.326592
0.205753	-1.58108	0.205756
0.148142	-1.90958	0.148169
0.261274	-1.34219	0.261274
0.205753	-1.58108	0.205756
0.36288	-1.01368	0.36288
0.40824	-0.8959	0.40824
0.257191	-1.35794	0.257192
0.293933	-1.2244	0.293933
0.40824	-0.8959	0.40824
0.4536	-0.79054	0.4536
0.205753	-1.58108	0.205756
0.367416	-1.00126	0.367416
0.26454	-1.32976	0.26454
0.367416	-1.00126	0.367416
0.40824	-0.8959	0.40824
0.185178	-1.68644	0.185185
0.285768	-1.25257	0.285768
0.285768	-1.25257	0.285768
0.205753	-1.58108	0.205756
0.144027	-1.93775	0.144058
0.285768	-1.25257	0.285768
0.326592	-1.11904	0.326592
0.205753	-1.58108	0.205756
0.235146	-1.44755	0.235148
0.326592	-1.11904	0.326592
0.36288	-1.01368	0.36288
0.164602	-1.80422	0.164617
0.40824	-0.8959	0.40824
0.40824	-0.8959	0.40824
0.293933	-1.2244	0.293933
0.205753	-1.58108	0.205756
0.40824	-0.8959	0.40824
0.257191	-1.35794	0.257192
0.293933	-1.2244	0.293933
0.185178	-1.68644	0.185185
0.211632	-1.55291	0.211634
0.293933	-1.2244	0.293933
0.326592	-1.11904	0.326592
0.148142	-1.90958	0.148169
0.40824	-0.8959	0.40824
0.40824	-0.8959	0.40824
0.293933	-1.2244	0.293933
0.205753	-1.58108	0.205756
0.257191	-1.35794	0.257192
0.4536	-0.79054	0.4536
0.205753	-1.58108	0.205756
0.36288	-1.01368	0.36288
0.36288	-1.01368	0.36288
0.228614	-1.47572	0.228616
0.205753	-1.58108	0.205756
0.36288	-1.01368	0.36288
0.148142	-1.90958	0.148169
0.261274	-1.34219	0.261274
0.103699	-2.26626	0.10387
0.182892	-1.69886	0.182899
0.257191	-1.35794	0.257192
0.367416	-1.00126	0.367416
0.40824	-0.8959	0.40824
0.330674	-1.10662	0.330674
0.367416	-1.00126	0.367416
0.231472	-1.4633	0.231474
0.321489	-1.13479	0.321489
0.205753	-1.58108	0.205756
0.293933	-1.2244	0.293933
0.326592	-1.11904	0.326592
0.185178	-1.68644	0.185185
0.26454	-1.32976	0.26454
0.293933	-1.2244	0.293933
0.567	-0.567396	0.567
0.40824	-0.8959	0.40824
0.367416	-1.00126	0.367416
0.326592	-1.11904	0.326592
0.293933	-1.2244	0.293933
0.40824	-0.8959	0.40824
0.40824	-0.8959	0.40824
0.367416	-1.00126	0.367416
0.326592	-1.11904	0.326592
0.293933	-1.2244	0.293933
0.567	-0.567396	0.567
0.257191	-1.35794	0.257192
0.205753	-1.58108	0.205756
0.185178	-1.68644	0.185185
0.35721	-1.02943	0.35721
0.285768	-1.25257	0.285768
0.228614	-1.47572	0.228616
0.205753	-1.58108	0.205756
0.285768	-1.25257	0.285768
0.257191	-1.35794	0.257192
0.367416	-1.00126	0.367416
0.40824	-0.8959	0.40824
0.330674	-1.10662	0.330674
0.367416	-1.00126	0.367416
0.231472	-1.4633	0.231474
0.321489	-1.13479	0.321489
0.205753	-1.58108	0.205756
0.293933	-1.2244	0.293933
0.326592	-1.11904	0.326592
0.185178	-1.68644	0.185185
0.26454	-1.32976	0.26454
0.293933	-1.2244	0.293933
0.567	-0.567396	0.567
0.185178	-1.68644	0.185185
0.26454	-1.32976	0.26454
0.293933	-1.2244	0.293933
0.238086	-1.43513	0.238087
0.26454	-1.32976	0.26454
0.16666	-1.7918	0.166673
0.231472	-1.4633	0.231474
0.148142	-1.90958	0.148169
0.211632	-1.55291	0.211634
0.235146	-1.44755	0.235148
0.133328	-2.01494	0.133376
0.190468	-1.65827	0.190474
0.211632	-1.55291	0.211634
0.40824	-0.8959	0.40824
0.129624	-2.04311	0.12968
0.185178	-1.68644	0.185185
0.205753	-1.58108	0.205756
0.16666	-1.7918	0.166673
0.185178	-1.68644	0.185185
0.116662	-2.14848	0.116757
0.16203	-1.81997	0.162046
0.103699	-2.26626	0.10387
0.148142	-1.90958	0.148169
0.164602	-1.80422	0.164617
0.0933295	-2.37162	0.0936082
0.133328	-2.01494	0.133376
0.148142	-1.90958	0.148169
0.285768	-1.25257	0.285768
0.205753	-1.58108	0.205756
0.36288	-1.01368	0.36288
0.326592	-1.11904	0.326592
0.228614	-1.47572	0.228616
0.164602	-1.80422	0.164617
0.290304	-1.23683	0.290304
0.326592	-1.11904	0.326592
0.205753	-1.58108	0.205756
0.148142	-1.90958	0.148169
0.261274	-1.34219	0.261274
0.205753	-1.58108	0.205756
0.36288	-1.01368	0.36288
0.330674	-1.10662	0.330674
0.45927	-0.778117	0.45927
0.231472	-1.4633	0.231474
0.185178	-1.68644	0.185185
0.26454	-1.32976	0.26454
0.293933	-1.2244	0.293933
0.231472	-1.4633	0.231474
0.330674	-1.10662	0.330674
0.367416	-1.00126	0.367416
0.293933	-1.2244	0.293933
0.297607	-1.21198	0.297607
0.330674	-1.10662	0.330674
0.26454	-1.32976	0.26454
0.185178	-1.68644	0.185185
0.208325	-1.56866	0.208328
0.28934	-1.24015	0.28934
0.185178	-1.68644	0.185185
0.26454	-1.32976	0.26454
0.293933	-1.2244	0.293933
0.235146	-1.44755	0.235148
0.16666	-1.7918	0.166673
0.238086	-1.43513	0.238087
0.26454	-1.32976	0.26454
0.211632	-1.55291	0.211634
0.330674	-1.10662	0.330674
0.45927	-0.778117	0.45927
0.231472	-1.4633	0.231474
0.185178	-1.68644	0.185185
0.26454	-1.32976	0.26454
0.293933	-1.2244	0.293933
0.5103	-0.672756	0.5103
0.185178	-1.68644	0.185185
0.26454	-1.32976	0.26454
0.293933	-1.2244	0.293933
0.238086	-1.43513	0.238087
0.26454	-1.32976	0.26454
0.16666	-1.7918	0.166673
0.231472	-1.4633	0.231474
0.148142	-1.90958	0.148169
0.211632	-1.55291	0.211634
0.235146	-1.44755	0.235148
0.133328	-2.01494	0.133376
0.190468	-1.65827	0.190474
0.211632	-1.55291	0.211634
0.40824	-0.8959	0.40824
0.293933	-1.2244	0.293933
0.26454	-1.32976	0.26454
0.235146	-1.44755	0.235148
0.211632	-1.55291	0.211634
0.293933	-1.2244	0.293933
0.293933	-1.2244	0.293933
0.26454	-1.32976	0.26454
0.235146	-1.44755	0.235148
0.211632	-1.55291	0.211634
0.40824	-0.8959	0.40824
0.185178	-1.68644	0.185185
0.148142	-1.90958	0.148169
0.133328	-2.01494	0.133376
0.257191	-1.35794	0.257192
0.205753	-1.58108	0.205756
0.164602	-1.80422	0.164617
0.148142	-1.90958	0.148169
0.205753	-1.58108	0.205756
0.185178	-1.68644	0.185185
0.26454	-1.32976	0.26454
0.293933	-1.2244	0.293933
0.238086	-1.43513	0.238087
0.26454	-1.32976	0.26454
0.16666	-1.7918	0.166673
0.231472	-1.4633	0.231474
0.148142	-1.90958	0.148169
0.211632	-1.55291	0.211634
0.235146	-1.44755	0.235148
0.133328	-2.01494	0.133376
0.190468	-1.65827	0.190474
0.211632	-1.55291	0.211634
0.40824	-0.8959	0.40824
0.148142	-1.90958	0.148169
0.261274	-1.34219	0.261274
0.235146	-1.44755	0.235148
0.164602	-1.80422	0.164617
0.118514	-2.13273	0.118602
0.209019	-1.56533	0.209022
0.235146	-1.44755	0.235148
0.148142	-1.90958	0.148169
0.106662	-2.23809	0.106811
0.188117	-1.67069	0.188123
0.148142	-1.90958	0.148169
0.261274	-1.34219	0.261274
0.231472	-1.4633	0.231474
0.321489	-1.13479	0.321489
0.16203	-1.81997	0.162046
0.129624	-2.04311	0.12968
0.185178	-1.68644	0.185185
0.205753	-1.58108	0.205756
0.16203	-1.81997	0.162046
0.231472	-1.4633	0.231474
0.257191	-1.35794	0.257192
0.205753	-1.58108	0.205756
0.208325	-1.56866	0.208328
0.231472	-1.4633	0.231474
0.185178	-1.68644	0.185185
0.129624	-2.04311	0.12968
0.145827	-1.92533	0.145856
0.202538	-1.59683	0.202542
0.129624	-2.04311	0.12968
0.185178	-1.68644	0.185185
0.205753	-1.58108	0.205756
0.164602	-1.80422	0.164617
0.116662	-2.14848	0.116757
0.16666	-1.7918	0.166673
0.185178	-1.68644	0.185185
0.148142	-1.90958	0.148169
0.231472	-1.4633	0.231474
0.321489	-1.13479	0.321489
0.16203	-1.81997	0.162046
0.129624	-2.04311	0.12968
0.185178	-1.68644	0.185185
0.205753	-1.58108	0.205756
0.35721	-1.02943	0.35721
0.326592	-1.11904	0.326592
0.326592	-1.11904	0.326592
0.4536	-0.79054	0.4536
0.228614	-1.47572	0.228616
0.293933	-1.2244	0.293933
0.40824	-0.8959	0.40824
0.205753	-1.58108	0.205756
0.205753	-1.58108	0.205756
0.293933	-1.2244	0.293933
0.326592	-1.11904	0.326592
0.293933	-1.2244	0.293933
0.40824	-0.8959	0.40824
0.205753	-1.58108	0.205756
0.205753	-1.58108	0.205756
0.293933	-1.2244	0.293933
0.326592	-1.11904	0.326592
0.211632	-1.55291	0.211634
0.293933	-1.2244	0.293933
0.148142	-1.90958	0.148169
0.148142	-1.90958	0.148169
0.211632	-1.55291	0.211634
0.235146	-1.44755	0.235148
0.261274	-1.34219	0.261274
0.182892	-1.69886	0.182899
0.261274	-1.34219	0.261274
0.290304	-1.23683	0.290304
0.326592	-1.11904	0.326592
0.326592	-1.11904	0.326592
0.326592	-1.11904	0.326592
0.235146	-1.44755	0.235148
0.228614	-1.47572	0.228616
0.326592	-1.11904	0.326592
0.36288	-1.01368	0.36288
0.290304	-1.23683	0.290304
0.261274	-1.34219	0.261274
0.261274	-1.34219	0.261274
0.188117	-1.67069	0.188123
0.293933	-1.2244	0.293933
0.293933	-1.2244	0.293933
0.293933	-1.2244	0.293933
0.211632	-1.55291	0.211634
0.293933	-1.2244	0.293933
0.326592	-1.11904	0.326592
0.261274	-1.34219	0.261274
0.235146	-1.44755	0.235148
0.235146	-1.44755	0.235148
0.169305	-1.77605	0.169317
0.205753	-1.58108	0.205756
0.205753	-1.58108	0.205756
0.148142	-1.90958	0.148169
0.182892	-1.69886	0.182899
0.164602	-1.80422	0.164617
0.205753	-1.58108	0.205756
0.164602	-1.80422	0.164617
0.118514	-2.13273	0.118602
0.205753	-1.58108	0.205756
0.285768	-1.25257	0.285768
0.235146	-1.44755	0.235148
0.26454	-1.32976	0.26454
0.367416	-1.00126	0.367416
0.185178	-1.68644	0.185185
0.26454	-1.32976	0.26454
0.367416	-1.00126	0.367416
0.185178	-1.68644	0.185185
0.148142	-1.90958	0.148169
0.211632	-1.55291	0.211634
0.235146	-1.44755	0.235148
0.185178	-1.68644	0.185185
0.26454	-1.32976	0.26454
0.293933	-1.2244	0.293933
0.235146	-1.44755	0.235148
0.26454	-1.32976	0.26454
0.367416	-1.00126	0.367416
0.185178	-1.68644	0.185185
0.148142	-1.90958	0.148169
0.211632	-1.55291	0.211634
0.235146	-1.44755	0.235148
0.235146	-1.44755	0.235148
0.235146	-1.44755	0.235148
0.326592	-1.11904	0.326592
0.164602	-1.80422	0.164617
0.211632	-1.55291	0.211634
0.293933	-1.2244	0.293933
0.148142	-1.90958	0.148169
0.148142	-1.90958	0.148169
0.211632	-1.55291	0.211634
0.235146	-1.44755	0.235148
0.211632	-1.55291	0.211634
0.293933	-1.2244	0.293933
0.148142	-1.90958	0.148169
0.148142	-1.90958	0.148169
0.211632	-1.55291	0.211634
0.235146	-1.44755	0.235148
0.188117	-1.67069	0.188123
0.131682	-2.02737	0.131733
0.188117	-1.67069	0.188123
0.209019	-1.56533	0.209022
0.326592	-1.11904	0.326592
0.326592	-1.11904	0.326592
0.4536	-0.79054	0.4536
0.228614	-1.47572	0.228616
0.293933	-1.2244	0.293933
0.40824	-0.8959	0.40824
0.205753	-1.58108	0.205756
0.205753	-1.58108	0.205756
0.293933	-1.2244	0.293933
0.326592	-1.11904	0.326592
0.293933	-1.2244	0.293933
0.40824	-0.8959	0.40824
0.205753	-1.58108	0.205756
0.205753	-1.58108	0.205756
0.293933	-1.2244	0.293933
0.326592	-1.11904	0.326592
0.211632	-1.55291	0.211634
0.293933	-1.2244	0.293933
0.148142	-1.90958	0.148169
0.148142	-1.90958	0.148169
0.211632	-1.55291	0.211634
0.235146	-1.44755	0.235148
0.261274	-1.34219	0.261274
0.182892	-1.69886	0.182899
0.261274	-1.34219	0.261274
0.290304	-1.23683	0.290304
0.504	-0.685179	0.504
0.164602	-1.80422	0.164617
0.185178	-1.68644	0.185185
0.257191	-1.35794	0.257192
0.129624	-2.04311	0.12968
0.185178	-1.68644	0.185185
0.257191	-1.35794	0.257192
0.129624	-2.04311	0.12968
0.103699	-2.26626	0.10387
0.148142	-1.90958	0.148169
0.164602	-1.80422	0.164617
0.129624	-2.04311	0.12968
0.185178	-1.68644	0.185185
0.205753	-1.58108	0.205756
0.164602	-1.80422	0.164617
0.185178	-1.68644	0.185185
0.257191	-1.35794	0.257192
0.129624	-2.04311	0.12968
0.103699	-2.26626	0.10387
0.148142	-1.90958	0.148169
0.164602	-1.80422	0.164617
0.164602	-1.80422	0.164617
0.164602	-1.80422	0.164617
0.228614	-1.47572	0.228616
0.115222	-2.1609	0.115323
0.148142	-1.90958	0.148169
0.205753	-1.58108	0.205756
0.103699	-2.26626	0.10387
0.103699	-2.26626	0.10387
0.148142	-1.90958	0.148169
0.164602	-1.80422	0.164617
0.148142	-1.90958	0.148169
0.205753	-1.58108	0.205756
0.103699	-2.26626	0.10387
0.103699	-2.26626	0.10387
0.148142	-1.90958	0.148169
0.164602	-1.80422	0.164617
0.131682	-2.02737	0.131733
0.0921773	-2.38404	0.0924722
0.131682	-2.02737	0.131733
0.146313	-1.92201	0.146342
0.36288	-1.01368	0.36288
0.326592	-1.11904	0.326592
0.326592	-1.11904	0.326592
0.235146	-1.44755	0.235148
0.228614	-1.47572	0.228616
0.293933	-1.2244	0.293933
0.293933	-1.2244	0.293933
0.293933	-1.2244	0.293933
0.261274	-1.34219	0.261274
0.235146	-1.44755	0.235148
0.235146	-1.44755	0.235148
0.36288	-1.01368	0.36288
0.326592	-1.11904	0.326592
0.326592	-1.11904	0.326592
0.235146	-1.44755	0.235148
0.4032	-0.908323	0.4032
0.205753	-1.58108	0.205756
0.205753	-1.58108	0.205756
0.205753	-1.58108	0.205756
0.182892	-1.69886	0.182899
0.164602	-1.80422	0.164617
0.164602	-1.80422	0.164617
0.36288	-1.01368	0.36288
0.36288	-1.01368	0.36288
0.261274	-1.34219	0.261274
0.182892	-1.69886	0.182899
0.36288	-1.01368	0.36288
0.228614	-1.47572	0.228616
0.205753	-1.58108	0.205756
0.36288	-1.01368	0.36288
0.36288	-1.01368	0.36288
0.228614	-1.47572	0.228616
0.205753	-1.58108	0.205756
0.36288	-1.01368	0.36288
0.148142	-1.90958	0.148169
0.261274	-1.34219	0.261274
0.103699	-2.26626	0.10387
0.182892	-1.69886	0.182899
0.205753	-1.58108	0.205756
0.36288	-1.01368	0.36288
0.36288	-1.01368	0.36288
0.228614	-1.47572	0.228616
0.205753	-1.58108	0.205756
0.36288	-1.01368	0.36288
0.148142	-1.90958	0.148169
0.261274	-1.34219	0.261274
0.103699	-2.26626	0.10387
0.182892	-1.69886	0.182899
0.293933	-1.2244	0.293933
0.185178	-1.68644	0.185185
0.293933	-1.2244	0.293933
0.326592	-1.11904	0.326592
0.148142	-1.90958	0.148169
0.261274	-1.34219	0.261274
0.261274	-1.34219	0.261274
0.164602	-1.80422	0.164617
0.148142	-1.90958	0.148169
0.261274	-1.34219	0.261274
0.205753	-1.58108	0.205756
0.129624	-2.04311	0.12968
0.205753	-1.58108	0.205756
0.228614	-1.47572	0.228616
0.326592	-1.11904	0.326592
0.293933	-1.2244	0.293933
0.293933	-1.2244	0.293933
0.211632	-1.55291	0.211634
0.26454	-1.32976	0.26454
0.26454	-1.32976	0.26454
0.26454	-1.32976	0.26454
0.235146	-1.44755	0.235148
0.211632	-1.55291	0.211634
0.211632	-1.55291	0.211634
0.326592	-1.11904	0.326592
0.293933	-1.2244	0.293933
0.293933	-1.2244	0.293933
0.211632	-1.55291	0.211634
0.36288	-1.01368	0.36288
0.185178	-1.68644	0.185185
0.185178	-1.68644	0.185185
0.185178	-1.68644	0.185185
0.164602	-1.80422	0.164617
0.148142	-1.90958	0.148169
0.148142	-1.90958	0.148169
0.254016	-1.37036	0.254017
0.205753	-1.58108	0.205756
0.144027	-1.93775	0.144058
0.205753	-1.58108	0.205756
0.144027	-1.93775	0.144058
0.254016	-1.37036	0.254017
0.182892	-1.69886	0.182899
0.128024	-2.05554	0.128083
0.228614	-1.47572	0.228616
0.228614	-1.47572	0.228616
0.164602	-1.80422	0.164617
0.115222	-2.1609	0.115323
0.228614	-1.47572	0.228616
0.228614	-1.47572	0.228616
0.164602	-1.80422	0.164617
0.115222	-2.1609	0.115323
0.205753	-1.58108	0.205756
0.164602	-1.80422	0.164617
0.164602	-1.80422	0.164617
0.144027	-1.93775	0.144058
0.254016	-1.37036	0.254017
0.36288	-1.01368	0.36288
0.293933	-1.2244	0.293933
0.205753	-1.58108	0.205756
0.293933	-1.2244	0.293933
0.205753	-1.58108	0.205756
0.36288	-1.01368	0.36288
0.261274	-1.34219	0.261274
0.182892	-1.69886	0.182899
0.326592	-1.11904	0.326592
0.326592	-1.11904	0.326592
0.235146	-1.44755	0.235148
0.164602	-1.80422	0.164617
0.326592	-1.11904	0.326592
0.326592	-1.11904	0.326592
0.235146	-1.44755	0.235148
0.164602	-1.80422	0.164617
0.293933	-1.2244	0.293933
0.235146	-1.44755	0.235148
0.235146	-1.44755	0.235148
0.205753	-1.58108	0.205756
0.36288	-1.01368	0.36288
0.228614	-1.47572	0.228616
0.36288	-1.01368	0.36288
0.293933	-1.2244	0.293933
0.205753	-1.58108	0.205756
0.293933	-1.2244	0.293933
0.205753	-1.58108	0.205756
0.36288	-1.01368	0.36288
0.261274	-1.34219	0.261274
0.182892	-1.69886	0.182899
0.326592	-1.11904	0.326592
0.326592	-1.11904	0.326592
0.235146	-1.44755	0.235148
0.164602	-1.80422	0.164617
0.326592	-1.11904	0.326592
0.326592	-1.11904	0.326592
0.235146	-1.44755	0.235148
0.164602	-1.80422	0.164617
0.293933	-1.2244	0.293933
0.235146	-1.44755	0.235148
0.235146	-1.44755	0.235148
0.205753	-1.58108	0.205756
0.228614	-1.47572	0.228616
0.4032	-0.908323	0.4032
0.182892	-1.69886	0.182899
0.235146	-1.44755	0.235148
0.32256	-1.13147	0.32256
0.164602	-1.80422	0.164617
0.261274	-1.34219	0.261274
0.182892	-1.69886	0.182899
0.32256	-1.13147	0.32256
0.203213	-1.5935	0.203217
0.290304	-1.23683	0.290304
0.182892	-1.69886	0.182899
0.148142	-1.90958	0.148169
0.261274	-1.34219	0.261274
0.103699	-2.26626	0.10387
0.182892	-1.69886	0.182899
0.290304	-1.23683	0.290304
0.182892	-1.69886	0.182899
0.148142	-1.90958	0.148169
0.261274	-1.34219	0.261274
0.103699	-2.26626	0.10387
0.182892	-1.69886	0.182899
0.182892	-1.69886	0.182899
0.235146	-1.44755	0.235148
0.32256	-1.13147	0.32256
0.164602	-1.80422	0.164617
0.131682	-2.02737	0.131733
0.232243	-1.45997	0.232245
0.209019	-1.56533	0.209022
0.131682	-2.02737	0.131733
0.0921773	-2.38404	0.0924722
0.16257	-1.81665	0.162586
0.326592	-1.11904	0.326592
0.293933	-1.2244	0.293933
0.293933	-1.2244	0.293933
0.211632	-1.55291	0.211634
0.205753	-1.58108	0.205756
0.26454	-1.32976	0.26454
0.26454	-1.32976	0.26454
0.26454	-1.32976	0.26454
0.235146	-1.44755	0.235148
0.211632	-1.55291	0.211634
0.211632	-1.55291	0.211634
0.326592	-1.11904	0.326592
0.293933	-1.2244	0.293933
0.293933	-1.2244	0.293933
0.211632	-1.55291	0.211634
0.36288	-1.01368	0.36288
0.185178	-1.68644	0.185185
0.185178	-1.68644	0.185185
0.185178	-1.68644	0.185185
0.164602	-1.80422	0.164617
0.148142	-1.90958	0.148169
0.148142	-1.90958	0.148169
0.326592	-1.11904	0.326592
0.326592	-1.11904	0.326592
0.235146	-1.44755	0.235148
0.164602	-1.80422	0.164617
0.326592	-1.11904	0.326592
0.205753	-1.58108	0.205756
0.185178	-1.68644	0.185185
0.326592	-1.11904	0.326592
0.326592	-1.11904	0.326592
0.205753	-1.58108	0.205756
0.185178	-1.68644	0.185185
0.326592	-1.11904	0.326592
0.133328	-2.01494	0.133376
0.235146	-1.44755	0.235148
0.0933295	-2.37162	0.0936082
0.164602	-1.80422	0.164617
0.185178	-1.68644	0.185185
0.326592	-1.11904	0.326592
0.326592	-1.11904	0.326592
0.205753	-1.58108	0.205756
0.185178	-1.68644	0.185185
0.326592	-1.11904	0.326592
0.133328	-2.01494	0.133376
0.235146	-1.44755	0.235148
0.0933295	-2.37162	0.0936082
0.164602	-1.80422	0.164617
0.26454	-1.32976	0.26454
0.16666	-1.7918	0.166673
0.26454	-1.32976	0.26454
0.293933	-1.2244	0.293933
0.133328	-2.01494	0.133376
0.235146	-1.44755	0.235148
0.235146	-1.44755	0.235148
0.148142	-1.90958	0.148169
0.133328	-2.01494	0.133376
0.235146	-1.44755	0.235148
0.185178	-1.68644	0.185185
0.116662	-2.14848	0.116757
0.185178	-1.68644	0.185185
0.205753	-1.58108	0.205756
0.293933	-1.2244	0.293933
0.26454	-1.32976	0.26454
0.26454	-1.32976	0.26454
0.190468	-1.65827	0.190474
0.238086	-1.43513	0.238087
0.238086	-1.43513	0.238087
0.238086	-1.43513	0.238087
0.211632	-1.55291	0.211634
0.190468	-1.65827	0.190474
0.190468	-1.65827	0.190474
0.293933	-1.2244	0.293933
0.26454	-1.32976	0.26454
0.26454	-1.32976	0.26454
0.190468	-1.65827	0.190474
0.326592	-1.11904	0.326592
0.16666	-1.7918	0.166673
0.16666	-1.7918	0.166673
0.16666	-1.7918	0.166673
0.148142	-1.90958	0.148169
0.133328	-2.01494	0.133376
0.133328	-2.01494	0.133376
0.228614	-1.47572	0.228616
0.185178	-1.68644	0.185185
0.129624	-2.04311	0.12968
0.185178	-1.68644	0.185185
0.129624	-2.04311	0.12968
0.228614	-1.47572	0.228616
0.164602	-1.80422	0.164617
0.115222	-2.1609	0.115323
0.205753	-1.58108	0.205756
0.205753	-1.58108	0.205756
0.148142	-1.90958	0.148169
0.103699	-2.26626	0.10387
0.205753	-1.58108	0.205756
0.205753	-1.58108	0.205756
0.148142	-1.90958	0.148169
0.103699	-2.26626	0.10387
0.185178	-1.68644	0.185185
0.148142	-1.90958	0.148169
0.148142	-1.90958	0.148169
0.129624	-2.04311	0.12968
0.228614	-1.47572	0.228616
0.326592	-1.11904	0.326592
0.26454	-1.32976	0.26454
0.185178	-1.68644	0.185185
0.26454	-1.32976	0.26454
0.185178	-1.68644	0.185185
0.326592	-1.11904	0.326592
0.235146	-1.44755	0.235148
0.164602	-1.80422	0.164617
0.293933	-1.2244	0.293933
0.293933	-1.2244	0.293933
0.211632	-1.55291	0.211634
0.148142	-1.90958	0.148169
0.293933	-1.2244	0.293933
0.293933	-1.2244	0.293933
0.211632	-1.55291	0.211634
0.148142	-1.90958	0.148169
0.26454	-1.32976	0.26454
0.211632	-1.55291	0.211634
0.211632	-1.55291	0.211634
0.185178	-1.68644	0.185185
0.326592	-1.11904	0.326592
0.205753	-1.58108	0.205756
0.326592	-1.11904	0.326592
0.26454	-1.32976	0.26454
0.185178	-1.68644	0.185185
0.26454	-1.32976	0.26454
0.185178	-1.68644	0.185185
0.326592	-1.11904	0.326592
0.235146	-1.44755	0.235148
0.164602	-1.80422	0.164617
0.293933	-1.2244	0.293933
0.293933	-1.2244	0.293933
0.211632	-1.55291	0.211634
0.148142	-1.90958	0.148169
0.293933	-1.2244	0.293933
0.293933	-1.2244	0.293933
0.211632	-1.55291	0.211634
0.148142	-1.90958	0.148169
0.26454	-1.32976	0.26454
0.211632	-1.55291	0.211634
0.211632	-1.55291	0.211634
0.185178	-1.68644	0.185185
0.205753	-1.58108	0.205756
0.36288	-1.01368	0.36288
0.164602	-1.80422	0.164617
0.211632	-1.55291	0.211634
0.290304	-1.23683	0.290304
0.148142	-1.90958	0.148169
0.235146	-1.44755	0.235148
0.164602	-1.80422	0.164617
0.290304	-1.23683	0.290304
0.182892	-1.69886	0.182899
0.261274	-1.34219	0.261274
0.164602	-1.80422	0.164617
0.133328	-2.01494	0.133376
0.235146	-1.44755	0.235148
0.0933295	-2.37162	0.0936082
0.164602	-1.80422	0.164617
0.261274	-1.34219	0.261274
0.164602	-1.80422	0.164617
0.133328	-2.01494	0.133376
0.235146	-1.44755	0.235148
0.0933295	-2.37162	0.0936082
0.164602	-1.80422	0.164617
0.164602	-1.80422	0.164617
0.211632	-1.55291	0.211634
0.290304	-1.23683	0.290304
0.148142	-1.90958	0.148169
0.118514	-2.13273	0.118602
0.209019	-1.56533	0.209022
0.188117	-1.67069	0.188123
0.118514	-2.13273	0.118602
0.0829596	-2.4894	0.0834306
0.146313	-1.92201	0.146342
Ind prob: 95.4922
13, 15
0.5832	-0.539225	0.5832
0.52488	-0.644586	0.52488
0.52488	-0.644586	0.52488
0.377914	-0.97309	0.377914
0.367416	-1.00126	0.367416
0.472392	-0.749946	0.472392
0.472392	-0.749946	0.472392
0.472392	-0.749946	0.472392
0.419904	-0.867729	0.419904
0.377914	-0.97309	0.377914
0.377914	-0.97309	0.377914
0.5832	-0.539225	0.5832
0.52488	-0.644586	0.52488
0.52488	-0.644586	0.52488
0.377914	-0.97309	0.377914
0.648	-0.433865	0.648
0.330674	-1.10662	0.330674
0.330674	-1.10662	0.330674
0.330674	-1.10662	0.330674
0.293933	-1.2244	0.293933
0.26454	-1.32976	0.26454
0.26454	-1.32976	0.26454
0.5832	-0.539225	0.5832
0.5832	-0.539225	0.5832
0.419904	-0.867729	0.419904
0.293933	-1.2244	0.293933
0.5832	-0.539225	0.5832
0.367416	-1.00126	0.367416
0.330674	-1.10662	0.330674
0.5832	-0.539225	0.5832
0.5832	-0.539225	0.5832
0.367416	-1.00126	0.367416
0.330674	-1.10662	0.330674
0.5832	-0.539225	0.5832
0.238086	-1.43513	0.238087
0.419904	-0.867729	0.419904
0.16666	-1.7918	0.166673
0.293933	-1.2244	0.293933
0.330674	-1.10662	0.330674
0.5832	-0.539225	0.5832
0.5832	-0.539225	0.5832
0.367416	-1.00126	0.367416
0.330674	-1.10662	0.330674
0.5832	-0.539225	0.5832
0.238086	-1.43513	0.238087
0.419904	-0.867729	0.419904
0.16666	-1.7918	0.166673
0.293933	-1.2244	0.293933
0.472392	-0.749946	0.472392
0.297607	-1.21198	0.297607
0.472392	-0.749946	0.472392
0.52488	-0.644586	0.52488
0.238086	-1.43513	0.238087
0.419904	-0.867729	0.419904
0.419904	-0.867729	0.419904
0.26454	-1.32976	0.26454
0.238086	-1.43513	0.238087
0.419904	-0.867729	0.419904
0.330674	-1.10662	0.330674
0.208325	-1.56866	0.208328
0.330674	-1.10662	0.330674
0.367416	-1.00126	0.367416
0.52488	-0.644586	0.52488
0.472392	-0.749946	0.472392
0.472392	-0.749946	0.472392
0.340122	-1.07845	0.340122
0.425153	-0.855307	0.425153
0.425153	-0.855307	0.425153
0.425153	-0.855307	0.425153
0.377914	-0.97309	0.377914
0.340122	-1.07845	0.340122
0.340122	-1.07845	0.340122
0.52488	-0.644586	0.52488
0.472392	-0.749946	0.472392
0.472392	-0.749946	0.472392
0.340122	-1.07845	0.340122
0.5832	-0.539225	0.5832
0.297607	-1.21198	0.297607
0.297607	-1.21198	0.297607
0.297607	-1.21198	0.297607
0.26454	-1.32976	0.26454
0.238086	-1.43513	0.238087
0.238086	-1.43513	0.238087
0.40824	-0.8959	0.40824
0.330674	-1.10662	0.330674
0.231472	-1.4633	0.231474
0.330674	-1.10662	0.330674
0.231472	-1.4633	0.231474
0.40824	-0.8959	0.40824
0.293933	-1.2244	0.293933
0.205753	-1.58108	0.205756
0.367416	-1.00126	0.367416
0.367416	-1.00126	0.367416
0.26454	-1.32976	0.26454
0.185178	-1.68644	0.185185
0.367416	-1.00126	0.367416
0.367416	-1.00126	0.367416
0.26454	-1.32976	0.26454
0.185178	-1.68644	0.185185
0.330674	-1.10662	0.330674
0.26454	-1.32976	0.26454
0.26454	-1.32976	0.26454
0.231472	-1.4633	0.231474
0.40824	-0.8959	0.40824
0.46656	-0.762369	0.46656
0.419904	-0.867729	0.419904
0.419904	-0.867729	0.419904
0.302331	-1.19623	0.302331
0.293933	-1.2244	0.293933
0.377914	-0.97309	0.377914
0.377914	-0.97309	0.377914
0.377914	-0.97309	0.377914
0.335923	-1.09087	0.335923
0.302331	-1.19623	0.302331
0.302331	-1.19623	0.302331
0.46656	-0.762369	0.46656
0.419904	-0.867729	0.419904
0.419904	-0.867729	0.419904
0.302331	-1.19623	0.302331
0.5184	-0.657008	0.5184
0.26454	-1.32976	0.26454
0.26454	-1.32976	0.26454
0.26454	-1.32976	0.26454
0.235146	-1.44755	0.235148
0.211632	-1.55291	0.211634
0.211632	-1.55291	0.211634
0.5832	-0.539225	0.5832
0.472392	-0.749946	0.472392
0.330674	-1.10662	0.330674
0.472392	-0.749946	0.472392
0.330674	-1.10662	0.330674
0.5832	-0.539225	0.5832
0.419904	-0.867729	0.419904
0.293933	-1.2244	0.293933
0.52488	-0.644586	0.52488
0.52488	-0.644586	0.52488
0.377914	-0.97309	0.377914
0.26454	-1.32976	0.26454
0.52488	-0.644586	0.52488
0.52488	-0.644586	0.52488
0.377914	-0.97309	0.377914
0.26454	-1.32976	0.26454
0.472392	-0.749946	0.472392
0.377914	-0.97309	0.377914
0.377914	-0.97309	0.377914
0.330674	-1.10662	0.330674
0.5832	-0.539225	0.5832
0.367416	-1.00126	0.367416
0.5832	-0.539225	0.5832
0.472392	-0.749946	0.472392
0.330674	-1.10662	0.330674
0.472392	-0.749946	0.472392
0.330674	-1.10662	0.330674
0.5832	-0.539225	0.5832
0.419904	-0.867729	0.419904
0.293933	-1.2244	0.293933
0.52488	-0.644586	0.52488
0.52488	-0.644586	0.52488
0.377914	-0.97309	0.377914
0.26454	-1.32976	0.26454
0.52488	-0.644586	0.52488
0.52488	-0.644586	0.52488
0.377914	-0.97309	0.377914
0.26454	-1.32976	0.26454
0.472392	-0.749946	0.472392
0.377914	-0.97309	0.377914
0.377914	-0.97309	0.377914
0.330674	-1.10662	0.330674
0.367416	-1.00126	0.367416
0.648	-0.433865	0.648
0.293933	-1.2244	0.293933
0.377914	-0.97309	0.377914
0.5184	-0.657008	0.5184
0.26454	-1.32976	0.26454
0.419904	-0.867729	0.419904
0.293933	-1.2244	0.293933
0.5184	-0.657008	0.5184
0.326592	-1.11904	0.326592
0.46656	-0.762369	0.46656
0.293933	-1.2244	0.293933
0.238086	-1.43513	0.238087
0.419904	-0.867729	0.419904
0.16666	-1.7918	0.166673
0.293933	-1.2244	0.293933
0.46656	-0.762369	0.46656
0.293933	-1.2244	0.293933
0.238086	-1.43513	0.238087
0.419904	-0.867729	0.419904
0.16666	-1.7918	0.166673
0.293933	-1.2244	0.293933
0.293933	-1.2244	0.293933
0.377914	-0.97309	0.377914
0.5184	-0.657008	0.5184
0.26454	-1.32976	0.26454
0.211632	-1.55291	0.211634
0.373248	-0.985512	0.373248
0.335923	-1.09087	0.335923
0.211632	-1.55291	0.211634
0.148142	-1.90958	0.148169
0.261274	-1.34219	0.261274
0.419904	-0.867729	0.419904
0.419904	-0.867729	0.419904
0.5832	-0.539225	0.5832
0.293933	-1.2244	0.293933
0.377914	-0.97309	0.377914
0.52488	-0.644586	0.52488
0.26454	-1.32976	0.26454
0.26454	-1.32976	0.26454
0.377914	-0.97309	0.377914
0.419904	-0.867729	0.419904
0.377914	-0.97309	0.377914
0.52488	-0.644586	0.52488
0.26454	-1.32976	0.26454
0.26454	-1.32976	0.26454
0.377914	-0.97309	0.377914
0.419904	-0.867729	0.419904
0.272098	-1.30159	0.272098
0.377914	-0.97309	0.377914
0.190468	-1.65827	0.190474
0.190468	-1.65827	0.190474
0.272098	-1.30159	0.272098
0.302331	-1.19623	0.302331
0.335923	-1.09087	0.335923
0.235146	-1.44755	0.235148
0.335923	-1.09087	0.335923
0.373248	-0.985512	0.373248
0.419904	-0.867729	0.419904
0.419904	-0.867729	0.419904
0.419904	-0.867729	0.419904
0.302331	-1.19623	0.302331
0.293933	-1.2244	0.293933
0.419904	-0.867729	0.419904
0.46656	-0.762369	0.46656
0.373248	-0.985512	0.373248
0.335923	-1.09087	0.335923
0.335923	-1.09087	0.335923
0.241865	-1.41938	0.241866
0.377914	-0.97309	0.377914
0.377914	-0.97309	0.377914
0.377914	-0.97309	0.377914
0.272098	-1.30159	0.272098
0.377914	-0.97309	0.377914
0.419904	-0.867729	0.419904
0.335923	-1.09087	0.335923
0.302331	-1.19623	0.302331
0.302331	-1.19623	0.302331
0.217678	-1.52474	0.217681
0.26454	-1.32976	0.26454
0.26454	-1.32976	0.26454
0.190468	-1.65827	0.190474
0.235146	-1.44755	0.235148
0.211632	-1.55291	0.211634
0.26454	-1.32976	0.26454
0.211632	-1.55291	0.211634
0.152375	-1.88141	0.152397
0.26454	-1.32976	0.26454
0.367416	-1.00126	0.367416
0.302331	-1.19623	0.302331
0.340122	-1.07845	0.340122
0.472392	-0.749946	0.472392
0.238086	-1.43513	0.238087
0.340122	-1.07845	0.340122
0.472392	-0.749946	0.472392
0.238086	-1.43513	0.238087
0.190468	-1.65827	0.190474
0.272098	-1.30159	0.272098
0.302331	-1.19623	0.302331
0.238086	-1.43513	0.238087
0.340122	-1.07845	0.340122
0.377914	-0.97309	0.377914
0.302331	-1.19623	0.302331
0.340122	-1.07845	0.340122
0.472392	-0.749946	0.472392
0.238086	-1.43513	0.238087
0.190468	-1.65827	0.190474
0.272098	-1.30159	0.272098
0.302331	-1.19623	0.302331
0.302331	-1.19623	0.302331
0.302331	-1.19623	0.302331
0.419904	-0.867729	0.419904
0.211632	-1.55291	0.211634
0.272098	-1.30159	0.272098
0.377914	-0.97309	0.377914
0.190468	-1.65827	0.190474
0.190468	-1.65827	0.190474
0.272098	-1.30159	0.272098
0.302331	-1.19623	0.302331
0.272098	-1.30159	0.272098
0.377914	-0.97309	0.377914
0.190468	-1.65827	0.190474
0.190468	-1.65827	0.190474
0.272098	-1.30159	0.272098
0.302331	-1.19623	0.302331
0.241865	-1.41938	0.241866
0.169305	-1.77605	0.169317
0.241865	-1.41938	0.241866
0.268739	-1.31402	0.268739
0.419904	-0.867729	0.419904
0.419904	-0.867729	0.419904
0.5832	-0.539225	0.5832
0.293933	-1.2244	0.293933
0.377914	-0.97309	0.377914
0.52488	-0.644586	0.52488
0.26454	-1.32976	0.26454
0.26454	-1.32976	0.26454
0.377914	-0.97309	0.377914
0.419904	-0.867729	0.419904
0.377914	-0.97309	0.377914
0.52488	-0.644586	0.52488
0.26454	-1.32976	0.26454
0.26454	-1.32976	0.26454
0.377914	-0.97309	0.377914
0.419904	-0.867729	0.419904
0.272098	-1.30159	0.272098
0.377914	-0.97309	0.377914
0.190468	-1.65827	0.190474
0.190468	-1.65827	0.190474
0.272098	-1.30159	0.272098
0.302331	-1.19623	0.302331
0.335923	-1.09087	0.335923
0.235146	-1.44755	0.235148
0.335923	-1.09087	0.335923
0.373248	-0.985512	0.373248
0.648	-0.433865	0.648
0.211632	-1.55291	0.211634
0.238086	-1.43513	0.238087
0.330674	-1.10662	0.330674
0.16666	-1.7918	0.166673
0.238086	-1.43513	0.238087
0.330674	-1.10662	0.330674
0.16666	-1.7918	0.166673
0.133328	-2.01494	0.133376
0.190468	-1.65827	0.190474
0.211632	-1.55291	0.211634
0.16666	-1.7918	0.166673
0.238086	-1.43513	0.238087
0.26454	-1.32976	0.26454
0.211632	-1.55291	0.211634
0.238086	-1.43513	0.238087
0.330674	-1.10662	0.330674
0.16666	-1.7918	0.166673
0.133328	-2.01494	0.133376
0.190468	-1.65827	0.190474
0.211632	-1.55291	0.211634
0.211632	-1.55291	0.211634
0.211632	-1.55291	0.211634
0.293933	-1.2244	0.293933
0.148142	-1.90958	0.148169
0.190468	-1.65827	0.190474
0.26454	-1.32976	0.26454
0.133328	-2.01494	0.133376
0.133328	-2.01494	0.133376
0.190468	-1.65827	0.190474
0.211632	-1.55291	0.211634
0.190468	-1.65827	0.190474
0.26454	-1.32976	0.26454
0.133328	-2.01494	0.133376
0.133328	-2.01494	0.133376
0.190468	-1.65827	0.190474
0.211632	-1.55291	0.211634
0.169305	-1.77605	0.169317
0.118514	-2.13273	0.118602
0.169305	-1.77605	0.169317
0.188117	-1.67069	0.188123
0.46656	-0.762369	0.46656
0.419904	-0.867729	0.419904
0.419904	-0.867729	0.419904
0.302331	-1.19623	0.302331
0.293933	-1.2244	0.293933
0.377914	-0.97309	0.377914
0.377914	-0.97309	0.377914
0.377914	-0.97309	0.377914
0.335923	-1.09087	0.335923
0.302331	-1.19623	0.302331
0.302331	-1.19623	0.302331
0.46656	-0.762369	0.46656
0.419904	-0.867729	0.419904
0.419904	-0.867729	0.419904
0.302331	-1.19623	0.302331
0.5184	-0.657008	0.5184
0.26454	-1.32976	0.26454
0.26454	-1.32976	0.26454
0.26454	-1.32976	0.26454
0.235146	-1.44755	0.235148
0.211632	-1.55291	0.211634
0.211632	-1.55291	0.211634
0.46656	-0.762369	0.46656
0.46656	-0.762369	0.46656
0.335923	-1.09087	0.335923
0.235146	-1.44755	0.235148
0.46656	-0.762369	0.46656
0.293933	-1.2244	0.293933
0.26454	-1.32976	0.26454
0.46656	-0.762369	0.46656
0.46656	-0.762369	0.46656
0.293933	-1.2244	0.293933
0.26454	-1.32976	0.26454
0.46656	-0.762369	0.46656
0.190468	-1.65827	0.190474
0.335923	-1.09087	0.335923
0.133328	-2.01494	0.133376
0.235146	-1.44755	0.235148
0.26454	-1.32976	0.26454
0.46656	-0.762369	0.46656
0.46656	-0.762369	0.46656
0.293933	-1.2244	0.293933
0.26454	-1.32976	0.26454
0.46656	-0.762369	0.46656
0.190468	-1.65827	0.190474
0.335923	-1.09087	0.335923
0.133328	-2.01494	0.133376
0.235146	-1.44755	0.235148
0.377914	-0.97309	0.377914
0.238086	-1.43513	0.238087
0.377914	-0.97309	0.377914
0.419904	-0.867729	0.419904
0.190468	-1.65827	0.190474
0.335923	-1.09087	0.335923
0.335923	-1.09087	0.335923
0.211632	-1.55291	0.211634
0.190468	-1.65827	0.190474
0.335923	-1.09087	0.335923
0.26454	-1.32976	0.26454
0.16666	-1.7918	0.166673
0.26454	-1.32976	0.26454
0.293933	-1.2244	0.293933
0.419904	-0.867729	0.419904
0.377914	-0.97309	0.377914
0.377914	-0.97309	0.377914
0.272098	-1.30159	0.272098
0.340122	-1.07845	0.340122
0.340122	-1.07845	0.340122
0.340122	-1.07845	0.340122
0.302331	-1.19623	0.302331
0.272098	-1.30159	0.272098
0.272098	-1.30159	0.272098
0.419904	-0.867729	0.419904
0.377914	-0.97309	0.377914
0.377914	-0.97309	0.377914
0.272098	-1.30159	0.272098
0.46656	-0.762369	0.46656
0.238086	-1.43513	0.238087
0.238086	-1.43513	0.238087
0.238086	-1.43513	0.238087
0.211632	-1.55291	0.211634
0.190468	-1.65827	0.190474
0.190468	-1.65827	0.190474
0.326592	-1.11904	0.326592
0.26454	-1.32976	0.26454
0.185178	-1.68644	0.185185
0.26454	-1.32976	0.26454
0.185178	-1.68644	0.185185
0.326592	-1.11904	0.326592
0.235146	-1.44755	0.235148
0.164602	-1.80422	0.164617
0.293933	-1.2244	0.293933
0.293933	-1.2244	0.293933
0.211632	-1.55291	0.211634
0.148142	-1.90958	0.148169
0.293933	-1.2244	0.293933
0.293933	-1.2244	0.293933
0.211632	-1.55291	0.211634
0.148142	-1.90958	0.148169
0.26454	-1.32976	0.26454
0.211632	-1.55291	0.211634
0.211632	-1.55291	0.211634
0.185178	-1.68644	0.185185
0.326592	-1.11904	0.326592
0.46656	-0.762369	0.46656
0.377914	-0.97309	0.377914
0.26454	-1.32976	0.26454
0.377914	-0.97309	0.377914
0.26454	-1.32976	0.26454
0.46656	-0.762369	0.46656
0.335923	-1.09087	0.335923
0.235146	-1.44755	0.235148
0.419904	-0.867729	0.419904
0.419904	-0.867729	0.419904
0.302331	-1.19623	0.302331
0.211632	-1.55291	0.211634
0.419904	-0.867729	0.419904
0.419904	-0.867729	0.419904
0.302331	-1.19623	0.302331
0.211632	-1.55291	0.211634
0.377914	-0.97309	0.377914
0.302331	-1.19623	0.302331
0.302331	-1.19623	0.302331
0.26454	-1.32976	0.26454
0.46656	-0.762369	0.46656
0.293933	-1.2244	0.293933
0.46656	-0.762369	0.46656
0.377914	-0.97309	0.377914
0.26454	-1.32976	0.26454
0.377914	-0.97309	0.377914
0.26454	-1.32976	0.26454
0.46656	-0.762369	0.46656
0.335923	-1.09087	0.335923
0.235146	-1.44755	0.235148
0.419904	-0.867729	0.419904
0.419904	-0.867729	0.419904
0.302331	-1.19623	0.302331
0.211632	-1.55291	0.211634
0.419904	-0.867729	0.419904
0.419904	-0.867729	0.419904
0.302331	-1.19623	0.302331
0.211632	-1.55291	0.211634
0.377914	-0.97309	0.377914
0.302331	-1.19623	0.302331
0.302331	-1.19623	0.302331
0.26454	-1.32976	0.26454
0.293933	-1.2244	0.293933
0.5184	-0.657008	0.5184
0.235146	-1.44755	0.235148
0.302331	-1.19623	0.302331
0.41472	-0.880152	0.41472
0.211632	-1.55291	0.211634
0.335923	-1.09087	0.335923
0.235146	-1.44755	0.235148
0.41472	-0.880152	0.41472
0.261274	-1.34219	0.261274
0.373248	-0.985512	0.373248
0.235146	-1.44755	0.235148
0.190468	-1.65827	0.190474
0.335923	-1.09087	0.335923
0.133328	-2.01494	0.133376
0.235146	-1.44755	0.235148
0.373248	-0.985512	0.373248
0.235146	-1.44755	0.235148
0.190468	-1.65827	0.190474
0.335923	-1.09087	0.335923
0.133328	-2.01494	0.133376
0.235146	-1.44755	0.235148
0.235146	-1.44755	0.235148
0.302331	-1.19623	0.302331
0.41472	-0.880152	0.41472
0.211632	-1.55291	0.211634
0.169305	-1.77605	0.169317
0.298598	-1.20866	0.298599
0.268739	-1.31402	0.268739
0.169305	-1.77605	0.169317
0.118514	-2.13273	0.118602
0.209019	-1.56533	0.209022
Ind prob: 47.1055
6, 12
0.52488	-0.644586	0.52488
0.729	-0.316082	0.729
0.52488	-0.644586	0.52488
0.6561	-0.421442	0.6561
0.472392	-0.749946	0.472392
0.52488	-0.644586	0.52488
0.472392	-0.749946	0.472392
0.6561	-0.421442	0.6561
0.472392	-0.749946	0.472392
0.52488	-0.644586	0.52488
0.472392	-0.749946	0.472392
0.472392	-0.749946	0.472392
0.340122	-1.07845	0.340122
0.377914	-0.97309	0.377914
0.340122	-1.07845	0.340122
0.419904	-0.867729	0.419904
0.46656	-0.762369	0.46656
0.419904	-0.867729	0.419904
0.52488	-0.644586	0.52488
0.52488	-0.644586	0.52488
0.52488	-0.644586	0.52488
0.377914	-0.97309	0.377914
0.5832	-0.539225	0.5832
0.52488	-0.644586	0.52488
0.46656	-0.762369	0.46656
0.419904	-0.867729	0.419904
0.419904	-0.867729	0.419904
0.302331	-1.19623	0.302331
0.419904	-0.867729	0.419904
0.419904	-0.867729	0.419904
0.419904	-0.867729	0.419904
0.302331	-1.19623	0.302331
0.46656	-0.762369	0.46656
0.419904	-0.867729	0.419904
0.373248	-0.985512	0.373248
0.335923	-1.09087	0.335923
0.335923	-1.09087	0.335923
0.241865	-1.41938	0.241866
0.377914	-0.97309	0.377914
0.59049	-0.526803	0.59049
0.425153	-0.855307	0.425153
0.59049	-0.526803	0.59049
0.425153	-0.855307	0.425153
0.377914	-0.97309	0.377914
0.340122	-1.07845	0.340122
0.472392	-0.749946	0.472392
0.425153	-0.855307	0.425153
0.377914	-0.97309	0.377914
0.59049	-0.526803	0.59049
0.425153	-0.855307	0.425153
0.377914	-0.97309	0.377914
0.340122	-1.07845	0.340122
0.377914	-0.97309	0.377914
0.52488	-0.644586	0.52488
0.377914	-0.97309	0.377914
0.472392	-0.749946	0.472392
0.340122	-1.07845	0.340122
0.377914	-0.97309	0.377914
0.340122	-1.07845	0.340122
0.472392	-0.749946	0.472392
0.340122	-1.07845	0.340122
0.377914	-0.97309	0.377914
0.340122	-1.07845	0.340122
0.302331	-1.19623	0.302331
0.335923	-1.09087	0.335923
0.302331	-1.19623	0.302331
0.52488	-0.644586	0.52488
0.729	-0.316082	0.729
0.52488	-0.644586	0.52488
0.6561	-0.421442	0.6561
0.472392	-0.749946	0.472392
0.52488	-0.644586	0.52488
0.472392	-0.749946	0.472392
0.6561	-0.421442	0.6561
0.472392	-0.749946	0.472392
0.52488	-0.644586	0.52488
0.472392	-0.749946	0.472392
0.472392	-0.749946	0.472392
0.340122	-1.07845	0.340122
0.377914	-0.97309	0.377914
0.340122	-1.07845	0.340122
0.419904	-0.867729	0.419904
0.46656	-0.762369	0.46656
0.419904	-0.867729	0.419904
0.472392	-0.749946	0.472392
0.472392	-0.749946	0.472392
0.340122	-1.07845	0.340122
0.419904	-0.867729	0.419904
0.377914	-0.97309	0.377914
0.472392	-0.749946	0.472392
0.377914	-0.97309	0.377914
0.272098	-1.30159	0.272098
0.6561	-0.421442	0.6561
0.472392	-0.749946	0.472392
0.472392	-0.749946	0.472392
0.472392	-0.749946	0.472392
0.340122	-1.07845	0.340122
0.52488	-0.644586	0.52488
0.419904	-0.867729	0.419904
0.377914	-0.97309	0.377914
0.377914	-0.97309	0.377914
0.272098	-1.30159	0.272098
0.26454	-1.32976	0.26454
0.413343	-0.883478	0.413343
0.297607	-1.21198	0.297607
0.413343	-0.883478	0.413343
0.297607	-1.21198	0.297607
0.26454	-1.32976	0.26454
0.238086	-1.43513	0.238087
0.330674	-1.10662	0.330674
0.297607	-1.21198	0.297607
0.26454	-1.32976	0.26454
0.413343	-0.883478	0.413343
0.297607	-1.21198	0.297607
0.26454	-1.32976	0.26454
0.238086	-1.43513	0.238087
0.26454	-1.32976	0.26454
0.367416	-1.00126	0.367416
0.26454	-1.32976	0.26454
0.330674	-1.10662	0.330674
0.238086	-1.43513	0.238087
0.26454	-1.32976	0.26454
0.238086	-1.43513	0.238087
0.330674	-1.10662	0.330674
0.238086	-1.43513	0.238087
0.26454	-1.32976	0.26454
0.238086	-1.43513	0.238087
0.211632	-1.55291	0.211634
0.235146	-1.44755	0.235148
0.211632	-1.55291	0.211634
0.5832	-0.539225	0.5832
0.52488	-0.644586	0.52488
0.52488	-0.644586	0.52488
0.377914	-0.97309	0.377914
0.472392	-0.749946	0.472392
0.472392	-0.749946	0.472392
0.472392	-0.749946	0.472392
0.419904	-0.867729	0.419904
0.377914	-0.97309	0.377914
0.377914	-0.97309	0.377914
0.5832	-0.539225	0.5832
0.52488	-0.644586	0.52488
0.52488	-0.644586	0.52488
0.377914	-0.97309	0.377914
0.52488	-0.644586	0.52488
0.330674	-1.10662	0.330674
0.330674	-1.10662	0.330674
0.330674	-1.10662	0.330674
0.293933	-1.2244	0.293933
0.26454	-1.32976	0.26454
0.26454	-1.32976	0.26454
0.5832	-0.539225	0.5832
0.472392	-0.749946	0.472392
0.5832	-0.539225	0.5832
0.472392	-0.749946	0.472392
0.340122	-1.07845	0.340122
0.238086	-1.43513	0.238087
0.472392	-0.749946	0.472392
0.5832	-0.539225	0.5832
0.472392	-0.749946	0.472392
0.340122	-1.07845	0.340122
0.238086	-1.43513	0.238087
0.472392	-0.749946	0.472392
0.472392	-0.749946	0.472392
0.425153	-0.855307	0.425153
0.340122	-1.07845	0.340122
0.419904	-0.867729	0.419904
0.340122	-1.07845	0.340122
0.330674	-1.10662	0.330674
0.330674	-1.10662	0.330674
0.297607	-1.21198	0.297607
0.46656	-0.762369	0.46656
0.419904	-0.867729	0.419904
0.419904	-0.867729	0.419904
0.302331	-1.19623	0.302331
0.377914	-0.97309	0.377914
0.377914	-0.97309	0.377914
0.377914	-0.97309	0.377914
0.335923	-1.09087	0.335923
0.302331	-1.19623	0.302331
0.302331	-1.19623	0.302331
0.46656	-0.762369	0.46656
0.419904	-0.867729	0.419904
0.419904	-0.867729	0.419904
0.302331	-1.19623	0.302331
0.419904	-0.867729	0.419904
0.26454	-1.32976	0.26454
0.26454	-1.32976	0.26454
0.26454	-1.32976	0.26454
0.235146	-1.44755	0.235148
0.211632	-1.55291	0.211634
0.211632	-1.55291	0.211634
0.648	-0.433865	0.648
0.5832	-0.539225	0.5832
0.52488	-0.644586	0.52488
0.472392	-0.749946	0.472392
0.472392	-0.749946	0.472392
0.340122	-1.07845	0.340122
0.425153	-0.855307	0.425153
0.425153	-0.855307	0.425153
0.425153	-0.855307	0.425153
0.377914	-0.97309	0.377914
0.340122	-1.07845	0.340122
0.340122	-1.07845	0.340122
0.52488	-0.644586	0.52488
0.472392	-0.749946	0.472392
0.472392	-0.749946	0.472392
0.340122	-1.07845	0.340122
0.297607	-1.21198	0.297607
0.297607	-1.21198	0.297607
0.297607	-1.21198	0.297607
0.26454	-1.32976	0.26454
0.238086	-1.43513	0.238087
0.238086	-1.43513	0.238087
0.377914	-0.97309	0.377914
0.419904	-0.867729	0.419904
0.26454	-1.32976	0.26454
0.5184	-0.657008	0.5184
0.46656	-0.762369	0.46656
0.340122	-1.07845	0.340122
0.238086	-1.43513	0.238087
0.46656	-0.762369	0.46656
0.340122	-1.07845	0.340122
0.238086	-1.43513	0.238087
0.377914	-0.97309	0.377914
0.419904	-0.867729	0.419904
0.26454	-1.32976	0.26454
0.302331	-1.19623	0.302331
0.335923	-1.09087	0.335923
0.211632	-1.55291	0.211634
0.40824	-0.8959	0.40824
0.326592	-1.11904	0.326592
0.330674	-1.10662	0.330674
0.367416	-1.00126	0.367416
0.231472	-1.4633	0.231474
0.40824	-0.8959	0.40824
0.330674	-1.10662	0.330674
0.26454	-1.32976	0.26454
0.297607	-1.21198	0.297607
0.231472	-1.4633	0.231474
0.185178	-1.68644	0.185185
0.208325	-1.56866	0.208328
0.40824	-0.8959	0.40824
0.330674	-1.10662	0.330674
0.26454	-1.32976	0.26454
0.297607	-1.21198	0.297607
0.231472	-1.4633	0.231474
0.185178	-1.68644	0.185185
0.208325	-1.56866	0.208328
0.40824	-0.8959	0.40824
0.326592	-1.11904	0.326592
0.330674	-1.10662	0.330674
0.367416	-1.00126	0.367416
0.231472	-1.4633	0.231474
0.293933	-1.2244	0.293933
0.235146	-1.44755	0.235148
0.26454	-1.32976	0.26454
0.293933	-1.2244	0.293933
0.205753	-1.58108	0.205756
0.164602	-1.80422	0.164617
0.185178	-1.68644	0.185185
0.36288	-1.01368	0.36288
0.367416	-1.00126	0.367416
0.293933	-1.2244	0.293933
0.330674	-1.10662	0.330674
0.367416	-1.00126	0.367416
0.293933	-1.2244	0.293933
0.330674	-1.10662	0.330674
0.26454	-1.32976	0.26454
0.211632	-1.55291	0.211634
0.238086	-1.43513	0.238087
0.185178	-1.68644	0.185185
0.148142	-1.90958	0.148169
0.16666	-1.7918	0.166673
0.326592	-1.11904	0.326592
0.40824	-0.8959	0.40824
0.367416	-1.00126	0.367416
0.293933	-1.2244	0.293933
0.330674	-1.10662	0.330674
0.367416	-1.00126	0.367416
0.293933	-1.2244	0.293933
0.330674	-1.10662	0.330674
0.26454	-1.32976	0.26454
0.211632	-1.55291	0.211634
0.238086	-1.43513	0.238087
0.185178	-1.68644	0.185185
0.148142	-1.90958	0.148169
0.16666	-1.7918	0.166673
0.326592	-1.11904	0.326592
0.26454	-1.32976	0.26454
0.330674	-1.10662	0.330674
0.26454	-1.32976	0.26454
0.26454	-1.32976	0.26454
0.297607	-1.21198	0.297607
0.26454	-1.32976	0.26454
0.211632	-1.55291	0.211634
0.238086	-1.43513	0.238087
0.26454	-1.32976	0.26454
0.211632	-1.55291	0.211634
0.238086	-1.43513	0.238087
0.235146	-1.44755	0.235148
0.185178	-1.68644	0.185185
0.231472	-1.4633	0.231474
0.185178	-1.68644	0.185185
0.185178	-1.68644	0.185185
0.208325	-1.56866	0.208328
0.567	-0.567396	0.567
0.40824	-0.8959	0.40824
0.330674	-1.10662	0.330674
0.330674	-1.10662	0.330674
0.238086	-1.43513	0.238087
0.293933	-1.2244	0.293933
0.367416	-1.00126	0.367416
0.293933	-1.2244	0.293933
0.238086	-1.43513	0.238087
0.297607	-1.21198	0.297607
0.238086	-1.43513	0.238087
0.238086	-1.43513	0.238087
0.238086	-1.43513	0.238087
0.211632	-1.55291	0.211634
0.330674	-1.10662	0.330674
0.330674	-1.10662	0.330674
0.238086	-1.43513	0.238087
0.293933	-1.2244	0.293933
0.16666	-1.7918	0.166673
0.208325	-1.56866	0.208328
0.16666	-1.7918	0.166673
0.16666	-1.7918	0.166673
0.16666	-1.7918	0.166673
0.148142	-1.90958	0.148169
Ind prob: 34.0702
9, 1
0.81	-0.210721	0.81
0.729	-0.316082	0.729
0.52488	-0.644586	0.52488
0.52488	-0.644586	0.52488
0.729	-0.316082	0.729
0.52488	-0.644586	0.52488
0.52488	-0.644586	0.52488
0.46656	-0.762369	0.46656
0.46656	-0.762369	0.46656
0.46656	-0.762369	0.46656
0.5832	-0.539225	0.5832
0.5832	-0.539225	0.5832
0.5832	-0.539225	0.5832
0.5832	-0.539225	0.5832
0.5832	-0.539225	0.5832
0.5184	-0.657008	0.5184
0.46656	-0.762369	0.46656
0.46656	-0.762369	0.46656
0.46656	-0.762369	0.46656
0.46656	-0.762369	0.46656
0.46656	-0.762369	0.46656
0.46656	-0.762369	0.46656
0.46656	-0.762369	0.46656
0.41472	-0.880152	0.41472
0.373248	-0.985512	0.373248
0.373248	-0.985512	0.373248
0.81	-0.210721	0.81
0.729	-0.316082	0.729
0.52488	-0.644586	0.52488
0.52488	-0.644586	0.52488
0.729	-0.316082	0.729
0.52488	-0.644586	0.52488
0.52488	-0.644586	0.52488
0.46656	-0.762369	0.46656
0.46656	-0.762369	0.46656
0.46656	-0.762369	0.46656
0.729	-0.316082	0.729
0.52488	-0.644586	0.52488
0.52488	-0.644586	0.52488
0.52488	-0.644586	0.52488
0.52488	-0.644586	0.52488
0.46656	-0.762369	0.46656
0.419904	-0.867729	0.419904
0.419904	-0.867729	0.419904
0.81	-0.210721	0.81
0.52488	-0.644586	0.52488
0.52488	-0.644586	0.52488
0.419904	-0.867729	0.419904
0.419904	-0.867729	0.419904
0.6561	-0.421442	0.6561
0.472392	-0.749946	0.472392
0.81	-0.210721	0.81
0.52488	-0.644586	0.52488
0.52488	-0.644586	0.52488
0.419904	-0.867729	0.419904
0.419904	-0.867729	0.419904
0.6561	-0.421442	0.6561
0.472392	-0.749946	0.472392
0.419904	-0.867729	0.419904
0.335923	-1.09087	0.335923
0.46656	-0.762369	0.46656
0.46656	-0.762369	0.46656
0.5832	-0.539225	0.5832
0.5832	-0.539225	0.5832
0.52488	-0.644586	0.52488
0.46656	-0.762369	0.46656
0.46656	-0.762369	0.46656
0.419904	-0.867729	0.419904
0.5832	-0.539225	0.5832
0.5832	-0.539225	0.5832
0.52488	-0.644586	0.52488
0.52488	-0.644586	0.52488
0.419904	-0.867729	0.419904
0.5184	-0.657008	0.5184
0.419904	-0.867729	0.419904
0.52488	-0.644586	0.52488
0.52488	-0.644586	0.52488
0.419904	-0.867729	0.419904
0.419904	-0.867729	0.419904
0.6561	-0.421442	0.6561
0.472392	-0.749946	0.472392
0.81	-0.210721	0.81
0.52488	-0.644586	0.52488
0.52488	-0.644586	0.52488
0.419904	-0.867729	0.419904
0.419904	-0.867729	0.419904
0.6561	-0.421442	0.6561
0.472392	-0.749946	0.472392
0.419904	-0.867729	0.419904
0.335923	-1.09087	0.335923
0.46656	-0.762369	0.46656
0.46656	-0.762369	0.46656
0.46656	-0.762369	0.46656
0.46656	-0.762369	0.46656
0.46656	-0.762369	0.46656
0.373248	-0.985512	0.373248
0.373248	-0.985512	0.373248
0.373248	-0.985512	0.373248
0.5832	-0.539225	0.5832
0.419904	-0.867729	0.419904
0.419904	-0.867729	0.419904
0.72	-0.328504	0.72
0.648	-0.433865	0.648
0.419904	-0.867729	0.419904
0.335923	-1.09087	0.335923
0.46656	-0.762369	0.46656
0.46656	-0.762369	0.46656
0.648	-0.433865	0.648
0.419904	-0.867729	0.419904
0.335923	-1.09087	0.335923
0.46656	-0.762369	0.46656
0.46656	-0.762369	0.46656
0.46656	-0.762369	0.46656
0.46656	-0.762369	0.46656
0.46656	-0.762369	0.46656
0.373248	-0.985512	0.373248
0.373248	-0.985512	0.373248
0.373248	-0.985512	0.373248
0.5832	-0.539225	0.5832
0.419904	-0.867729	0.419904
0.419904	-0.867729	0.419904
0.373248	-0.985512	0.373248
0.41472	-0.880152	0.41472
0.298598	-1.20866	0.298599
0.41472	-0.880152	0.41472
0.41472	-0.880152	0.41472
0.567	-0.567396	0.567
0.5103	-0.672756	0.5103
0.367416	-1.00126	0.367416
0.367416	-1.00126	0.367416
0.5103	-0.672756	0.5103
0.367416	-1.00126	0.367416
0.367416	-1.00126	0.367416
0.326592	-1.11904	0.326592
0.326592	-1.11904	0.326592
0.326592	-1.11904	0.326592
0.40824	-0.8959	0.40824
0.40824	-0.8959	0.40824
0.40824	-0.8959	0.40824
0.40824	-0.8959	0.40824
0.40824	-0.8959	0.40824
0.36288	-1.01368	0.36288
0.326592	-1.11904	0.326592
0.326592	-1.11904	0.326592
0.326592	-1.11904	0.326592
0.326592	-1.11904	0.326592
0.326592	-1.11904	0.326592
0.326592	-1.11904	0.326592
0.326592	-1.11904	0.326592
0.290304	-1.23683	0.290304
0.261274	-1.34219	0.261274
0.261274	-1.34219	0.261274
0.567	-0.567396	0.567
0.5103	-0.672756	0.5103
0.367416	-1.00126	0.367416
0.367416	-1.00126	0.367416
0.5103	-0.672756	0.5103
0.367416	-1.00126	0.367416
0.367416	-1.00126	0.367416
0.326592	-1.11904	0.326592
0.326592	-1.11904	0.326592
0.326592	-1.11904	0.326592
0.5103	-0.672756	0.5103
0.367416	-1.00126	0.367416
0.367416	-1.00126	0.367416
0.367416	-1.00126	0.367416
0.367416	-1.00126	0.367416
0.326592	-1.11904	0.326592
0.293933	-1.2244	0.293933
0.293933	-1.2244	0.293933
Ind prob: 7.4122
2, 7
0.648	-0.433865	0.648
0.5832	-0.539225	0.5832
0.5832	-0.539225	0.5832
0.5184	-0.657008	0.5184
0.46656	-0.762369	0.46656
0.46656	-0.762369	0.46656
0.729	-0.316082	0.729
0.52488	-0.644586	0.52488
0.5832	-0.539225	0.5832
0.52488	-0.644586	0.52488
0.9	-0.105361	0.9
0.648	-0.433865	0.648
0.648	-0.433865	0.648
0.5832	-0.539225	0.5832
0.46656	-0.762369	0.46656
0.9	-0.105361	0.9
1	0	1
0.648	-0.433865	0.648
0.5832	-0.539225	0.5832
0.5832	-0.539225	0.5832
0.5184	-0.657008	0.5184
0.46656	-0.762369	0.46656
0.46656	-0.762369	0.46656
0.729	-0.316082	0.729
0.52488	-0.644586	0.52488
0.5832	-0.539225	0.5832
0.52488	-0.644586	0.52488
0.46656	-0.762369	0.46656
0.576	-0.551648	0.576
0.373248	-0.985512	0.373248
0.5184	-0.657008	0.5184
0.5184	-0.657008	0.5184
Ind prob: 4.17871
10, 19
0.576	-0.551648	0.576
0.4608	-0.774791	0.4608
0.46656	-0.762369	0.46656
0.46656	-0.762369	0.46656
0.5184	-0.657008	0.5184
Ind prob: 0.746088
3, 6
Ind prob: 1.58913
0, 6
Ind prob: 0.914145
12, 16
0.63	-0.462035	0.63
0.4536	-0.79054	0.4536
0.4536	-0.79054	0.4536
Ind prob: 0.532114
