SEAL: 1.75755
TFHE: 2.906
make graph: 12.8285
3, 6
0.31752	-1.14721	0.31752
0.285768	-1.25257	0.285768
0.115222	-2.1609	0.115323
0.228614	-1.47572	0.228616
0.144027	-1.93775	0.144058
0.228614	-1.47572	0.228616
0.144027	-1.93775	0.144058
0.128024	-2.05554	0.128083
0.200038	-1.60925	0.200042
0.293933	-1.2244	0.293933
0.185178	-1.68644	0.185185
0.129624	-2.04311	0.12968
0.144027	-1.93775	0.144058
0.129624	-2.04311	0.12968
0.257191	-1.35794	0.257192
0.231472	-1.4633	0.231474
0.16203	-1.81997	0.162046
0.257191	-1.35794	0.257192
0.231472	-1.4633	0.231474
0.16203	-1.81997	0.162046
0.164602	-1.80422	0.164617
0.103699	-2.26626	0.10387
0.0725896	-2.62293	0.0734186
0.0806552	-2.51757	0.0811871
0.0725896	-2.62293	0.0734186
0.144027	-1.93775	0.144058
0.129624	-2.04311	0.12968
0.0907371	-2.39979	0.0910537
0.144027	-1.93775	0.144058
0.129624	-2.04311	0.12968
0.0907371	-2.39979	0.0910537
0.285768	-1.25257	0.285768
0.257191	-1.35794	0.257192
0.103699	-2.26626	0.10387
0.205753	-1.58108	0.205756
0.129624	-2.04311	0.12968
0.205753	-1.58108	0.205756
0.129624	-2.04311	0.12968
0.115222	-2.1609	0.115323
0.180034	-1.71461	0.180042
0.148142	-1.90958	0.148169
0.0933295	-2.37162	0.0936082
0.0653307	-2.72829	0.0665997
0.0725896	-2.62293	0.0734186
0.0653307	-2.72829	0.0665997
0.129624	-2.04311	0.12968
0.116662	-2.14848	0.116757
0.0816633	-2.50515	0.0821676
0.129624	-2.04311	0.12968
0.116662	-2.14848	0.116757
0.0816633	-2.50515	0.0821676
0.367416	-1.00126	0.367416
0.129624	-2.04311	0.12968
0.116662	-2.14848	0.116757
0.0816633	-2.50515	0.0821676
0.231472	-1.4633	0.231474
0.16203	-1.81997	0.162046
0.180034	-1.71461	0.180042
0.16203	-1.81997	0.162046
0.321489	-1.13479	0.321489
0.28934	-1.24015	0.28934
0.202538	-1.59683	0.202542
0.321489	-1.13479	0.321489
0.28934	-1.24015	0.28934
0.202538	-1.59683	0.202542
0.293933	-1.2244	0.293933
0.185178	-1.68644	0.185185
0.129624	-2.04311	0.12968
0.144027	-1.93775	0.144058
0.129624	-2.04311	0.12968
0.185178	-1.68644	0.185185
0.16666	-1.7918	0.166673
0.116662	-2.14848	0.116757
0.257191	-1.35794	0.257192
0.231472	-1.4633	0.231474
0.16203	-1.81997	0.162046
0.257191	-1.35794	0.257192
0.231472	-1.4633	0.231474
0.16203	-1.81997	0.162046
0.177811	-1.72703	0.17782
0.16003	-1.83239	0.160047
0.0645241	-2.74072	0.065857
0.128024	-2.05554	0.128083
0.0806552	-2.51757	0.0811871
0.128024	-2.05554	0.128083
0.0806552	-2.51757	0.0811871
0.0716935	-2.63536	0.0725659
0.112021	-2.18907	0.112138
0.164602	-1.80422	0.164617
0.103699	-2.26626	0.10387
0.0725896	-2.62293	0.0734186
0.0806552	-2.51757	0.0811871
0.0725896	-2.62293	0.0734186
0.144027	-1.93775	0.144058
0.129624	-2.04311	0.12968
0.0907371	-2.39979	0.0910537
0.144027	-1.93775	0.144058
0.129624	-2.04311	0.12968
0.0907371	-2.39979	0.0910537
0.567	-0.567396	0.567
0.4536	-0.79054	0.4536
0.164602	-1.80422	0.164617
0.148142	-1.90958	0.148169
0.103699	-2.26626	0.10387
0.148142	-1.90958	0.148169
0.133328	-2.01494	0.133376
0.0933295	-2.37162	0.0936082
0.115222	-2.1609	0.115323
0.103699	-2.26626	0.10387
0.0725896	-2.62293	0.0734186
0.205753	-1.58108	0.205756
0.144027	-1.93775	0.144058
0.16003	-1.83239	0.160047
0.144027	-1.93775	0.144058
0.205753	-1.58108	0.205756
0.185178	-1.68644	0.185185
0.129624	-2.04311	0.12968
0.115222	-2.1609	0.115323
0.103699	-2.26626	0.10387
0.0725896	-2.62293	0.0734186
0.205753	-1.58108	0.205756
0.185178	-1.68644	0.185185
0.129624	-2.04311	0.12968
0.285768	-1.25257	0.285768
0.257191	-1.35794	0.257192
0.180034	-1.71461	0.180042
0.285768	-1.25257	0.285768
0.257191	-1.35794	0.257192
0.180034	-1.71461	0.180042
0.185178	-1.68644	0.185185
0.116662	-2.14848	0.116757
0.0816633	-2.50515	0.0821676
0.0907371	-2.39979	0.0910537
0.0816633	-2.50515	0.0821676
0.16203	-1.81997	0.162046
0.145827	-1.92533	0.145856
0.102079	-2.28201	0.102263
0.16203	-1.81997	0.162046
0.145827	-1.92533	0.145856
0.102079	-2.28201	0.102263
0.148142	-1.90958	0.148169
0.0933295	-2.37162	0.0936082
0.0653307	-2.72829	0.0665997
0.0725896	-2.62293	0.0734186
0.0653307	-2.72829	0.0665997
0.129624	-2.04311	0.12968
0.116662	-2.14848	0.116757
0.0816633	-2.50515	0.0821676
0.129624	-2.04311	0.12968
0.116662	-2.14848	0.116757
0.0816633	-2.50515	0.0821676
0.200038	-1.60925	0.200042
0.180034	-1.71461	0.180042
0.0725896	-2.62293	0.0734186
0.144027	-1.93775	0.144058
0.0907371	-2.39979	0.0910537
0.144027	-1.93775	0.144058
0.0907371	-2.39979	0.0910537
0.0806552	-2.51757	0.0811871
0.126024	-2.07129	0.126088
0.133328	-2.01494	0.133376
0.0839966	-2.47698	0.0844427
0.0587976	-2.83365	0.0607088
0.0653307	-2.72829	0.0665997
0.0587976	-2.83365	0.0607088
0.116662	-2.14848	0.116757
0.104996	-2.25384	0.105156
0.073497	-2.61051	0.0742845
0.116662	-2.14848	0.116757
0.104996	-2.25384	0.105156
0.073497	-2.61051	0.0742845
0.185178	-1.68644	0.185185
0.116662	-2.14848	0.116757
0.0816633	-2.50515	0.0821676
0.0907371	-2.39979	0.0910537
0.0816633	-2.50515	0.0821676
0.16203	-1.81997	0.162046
0.145827	-1.92533	0.145856
0.102079	-2.28201	0.102263
0.16203	-1.81997	0.162046
0.145827	-1.92533	0.145856
0.102079	-2.28201	0.102263
0.16003	-1.83239	0.160047
0.144027	-1.93775	0.144058
0.0580717	-2.84608	0.0600754
0.115222	-2.1609	0.115323
0.0725896	-2.62293	0.0734186
0.115222	-2.1609	0.115323
0.0725896	-2.62293	0.0734186
0.0645241	-2.74072	0.065857
0.100819	-2.29443	0.101014
0.148142	-1.90958	0.148169
0.0933295	-2.37162	0.0936082
0.0653307	-2.72829	0.0665997
0.0725896	-2.62293	0.0734186
0.0653307	-2.72829	0.0665997
0.129624	-2.04311	0.12968
0.116662	-2.14848	0.116757
0.0816633	-2.50515	0.0821676
0.129624	-2.04311	0.12968
0.116662	-2.14848	0.116757
0.0816633	-2.50515	0.0821676
0.144027	-1.93775	0.144058
0.129624	-2.04311	0.12968
0.0522645	-2.95144	0.0552317
0.103699	-2.26626	0.10387
0.0653307	-2.72829	0.0665997
0.103699	-2.26626	0.10387
0.0653307	-2.72829	0.0665997
0.0580717	-2.84608	0.0600754
0.0907371	-2.39979	0.0910537
0.185178	-1.68644	0.185185
0.116662	-2.14848	0.116757
0.0816633	-2.50515	0.0821676
0.0907371	-2.39979	0.0910537
0.0816633	-2.50515	0.0821676
0.16203	-1.81997	0.162046
0.145827	-1.92533	0.145856
0.102079	-2.28201	0.102263
0.16203	-1.81997	0.162046
0.145827	-1.92533	0.145856
0.102079	-2.28201	0.102263
0.185178	-1.68644	0.185185
0.116662	-2.14848	0.116757
0.0816633	-2.50515	0.0821676
0.0907371	-2.39979	0.0910537
0.0816633	-2.50515	0.0821676
0.116662	-2.14848	0.116757
0.104996	-2.25384	0.105156
0.073497	-2.61051	0.0742845
0.116662	-2.14848	0.116757
0.104996	-2.25384	0.105156
0.073497	-2.61051	0.0742845
0.16203	-1.81997	0.162046
0.145827	-1.92533	0.145856
0.102079	-2.28201	0.102263
0.16203	-1.81997	0.162046
0.145827	-1.92533	0.145856
0.102079	-2.28201	0.102263
0.567	-0.567396	0.567
0.4536	-0.79054	0.4536
0.115222	-2.1609	0.115323
0.103699	-2.26626	0.10387
0.0725896	-2.62293	0.0734186
0.205753	-1.58108	0.205756
0.144027	-1.93775	0.144058
0.16003	-1.83239	0.160047
0.144027	-1.93775	0.144058
0.205753	-1.58108	0.205756
0.185178	-1.68644	0.185185
0.129624	-2.04311	0.12968
0.285768	-1.25257	0.285768
0.257191	-1.35794	0.257192
0.180034	-1.71461	0.180042
0.285768	-1.25257	0.285768
0.257191	-1.35794	0.257192
0.180034	-1.71461	0.180042
0.200038	-1.60925	0.200042
0.180034	-1.71461	0.180042
0.0725896	-2.62293	0.0734186
0.144027	-1.93775	0.144058
0.0907371	-2.39979	0.0910537
0.144027	-1.93775	0.144058
0.0907371	-2.39979	0.0910537
0.0806552	-2.51757	0.0811871
0.126024	-2.07129	0.126088
0.185178	-1.68644	0.185185
0.116662	-2.14848	0.116757
0.0816633	-2.50515	0.0821676
0.0907371	-2.39979	0.0910537
0.0816633	-2.50515	0.0821676
0.16203	-1.81997	0.162046
0.145827	-1.92533	0.145856
0.102079	-2.28201	0.102263
0.16203	-1.81997	0.162046
0.145827	-1.92533	0.145856
0.102079	-2.28201	0.102263
0.185178	-1.68644	0.185185
0.116662	-2.14848	0.116757
0.0816633	-2.50515	0.0821676
0.0907371	-2.39979	0.0910537
0.0816633	-2.50515	0.0821676
0.116662	-2.14848	0.116757
0.104996	-2.25384	0.105156
0.073497	-2.61051	0.0742845
0.16203	-1.81997	0.162046
0.145827	-1.92533	0.145856
0.102079	-2.28201	0.102263
0.16203	-1.81997	0.162046
0.145827	-1.92533	0.145856
0.102079	-2.28201	0.102263
0.3528	-1.04185	0.3528
0.31752	-1.14721	0.31752
0.115222	-2.1609	0.115323
0.128024	-2.05554	0.128083
0.0653307	-2.72829	0.0665997
0.0522645	-2.95144	0.0552317
0.228614	-1.47572	0.228616
0.254016	-1.37036	0.254017
0.129624	-2.04311	0.12968
0.103699	-2.26626	0.10387
0.16003	-1.83239	0.160047
0.228614	-1.47572	0.228616
0.254016	-1.37036	0.254017
0.129624	-2.04311	0.12968
0.103699	-2.26626	0.10387
0.16003	-1.83239	0.160047
0.128024	-2.05554	0.128083
0.142249	-1.95018	0.142282
0.0725896	-2.62293	0.0734186
0.0580717	-2.84608	0.0600754
0.222264	-1.50389	0.222266
0.293933	-1.2244	0.293933
0.326592	-1.11904	0.326592
0.16666	-1.7918	0.166673
0.133328	-2.01494	0.133376
0.205753	-1.58108	0.205756
0.144027	-1.93775	0.144058
0.16003	-1.83239	0.160047
0.144027	-1.93775	0.144058
0.285768	-1.25257	0.285768
0.257191	-1.35794	0.257192
0.180034	-1.71461	0.180042
0.285768	-1.25257	0.285768
0.257191	-1.35794	0.257192
0.180034	-1.71461	0.180042
0.285768	-1.25257	0.285768
0.228614	-1.47572	0.228616
0.103699	-2.26626	0.10387
0.0725896	-2.62293	0.0734186
0.0806552	-2.51757	0.0811871
0.0725896	-2.62293	0.0734186
0.144027	-1.93775	0.144058
0.129624	-2.04311	0.12968
0.0907371	-2.39979	0.0910537
0.144027	-1.93775	0.144058
0.129624	-2.04311	0.12968
0.0907371	-2.39979	0.0910537
0.164602	-1.80422	0.164617
0.182892	-1.69886	0.182899
0.115222	-2.1609	0.115323
0.0806552	-2.51757	0.0811871
0.0896168	-2.41221	0.0899517
0.0806552	-2.51757	0.0811871
0.16003	-1.83239	0.160047
0.144027	-1.93775	0.144058
0.100819	-2.29443	0.101014
0.16003	-1.83239	0.160047
0.144027	-1.93775	0.144058
0.100819	-2.29443	0.101014
0.31752	-1.14721	0.31752
0.285768	-1.25257	0.285768
0.103699	-2.26626	0.10387
0.115222	-2.1609	0.115323
0.0587976	-2.83365	0.0607088
0.0470381	-3.0568	0.0513709
0.205753	-1.58108	0.205756
0.228614	-1.47572	0.228616
0.116662	-2.14848	0.116757
0.0933295	-2.37162	0.0936082
0.144027	-1.93775	0.144058
0.205753	-1.58108	0.205756
0.228614	-1.47572	0.228616
0.116662	-2.14848	0.116757
0.0933295	-2.37162	0.0936082
0.144027	-1.93775	0.144058
0.115222	-2.1609	0.115323
0.128024	-2.05554	0.128083
0.0653307	-2.72829	0.0665997
0.0522645	-2.95144	0.0552317
0.200038	-1.60925	0.200042
0.257191	-1.35794	0.257192
0.205753	-1.58108	0.205756
0.0933295	-2.37162	0.0936082
0.0653307	-2.72829	0.0665997
0.0725896	-2.62293	0.0734186
0.0653307	-2.72829	0.0665997
0.129624	-2.04311	0.12968
0.116662	-2.14848	0.116757
0.0816633	-2.50515	0.0821676
0.129624	-2.04311	0.12968
0.116662	-2.14848	0.116757
0.0816633	-2.50515	0.0821676
0.148142	-1.90958	0.148169
0.164602	-1.80422	0.164617
0.103699	-2.26626	0.10387
0.0725896	-2.62293	0.0734186
0.0806552	-2.51757	0.0811871
0.0725896	-2.62293	0.0734186
0.144027	-1.93775	0.144058
0.129624	-2.04311	0.12968
0.0907371	-2.39979	0.0910537
0.144027	-1.93775	0.144058
0.129624	-2.04311	0.12968
0.0907371	-2.39979	0.0910537
0.367416	-1.00126	0.367416
0.129624	-2.04311	0.12968
0.116662	-2.14848	0.116757
0.0816633	-2.50515	0.0821676
0.40824	-0.8959	0.40824
0.208325	-1.56866	0.208328
0.16666	-1.7918	0.166673
0.144027	-1.93775	0.144058
0.129624	-2.04311	0.12968
0.0907371	-2.39979	0.0910537
0.257191	-1.35794	0.257192
0.180034	-1.71461	0.180042
0.0816633	-2.50515	0.0821676
0.0653307	-2.72829	0.0665997
0.200038	-1.60925	0.200042
0.0907371	-2.39979	0.0910537
0.0725896	-2.62293	0.0734186
0.180034	-1.71461	0.180042
0.35721	-1.02943	0.35721
0.16203	-1.81997	0.162046
0.129624	-2.04311	0.12968
0.321489	-1.13479	0.321489
0.225042	-1.49147	0.225044
0.35721	-1.02943	0.35721
0.16203	-1.81997	0.162046
0.129624	-2.04311	0.12968
0.321489	-1.13479	0.321489
0.225042	-1.49147	0.225044
0.293933	-1.2244	0.293933
0.103699	-2.26626	0.10387
0.0933295	-2.37162	0.0936082
0.0653307	-2.72829	0.0665997
0.326592	-1.11904	0.326592
0.205753	-1.58108	0.205756
0.144027	-1.93775	0.144058
0.0653307	-2.72829	0.0665997
0.0522645	-2.95144	0.0552317
0.16003	-1.83239	0.160047
0.0725896	-2.62293	0.0734186
0.0580717	-2.84608	0.0600754
0.144027	-1.93775	0.144058
0.205753	-1.58108	0.205756
0.185178	-1.68644	0.185185
0.129624	-2.04311	0.12968
0.16666	-1.7918	0.166673
0.133328	-2.01494	0.133376
0.285768	-1.25257	0.285768
0.129624	-2.04311	0.12968
0.103699	-2.26626	0.10387
0.257191	-1.35794	0.257192
0.180034	-1.71461	0.180042
0.285768	-1.25257	0.285768
0.129624	-2.04311	0.12968
0.103699	-2.26626	0.10387
0.257191	-1.35794	0.257192
0.180034	-1.71461	0.180042
0.285768	-1.25257	0.285768
0.228614	-1.47572	0.228616
0.103699	-2.26626	0.10387
0.0725896	-2.62293	0.0734186
0.0806552	-2.51757	0.0811871
0.0725896	-2.62293	0.0734186
0.103699	-2.26626	0.10387
0.0933295	-2.37162	0.0936082
0.0653307	-2.72829	0.0665997
0.144027	-1.93775	0.144058
0.129624	-2.04311	0.12968
0.0907371	-2.39979	0.0910537
0.144027	-1.93775	0.144058
0.129624	-2.04311	0.12968
0.0907371	-2.39979	0.0910537
0.197568	-1.62167	0.197572
0.177811	-1.72703	0.17782
0.0645241	-2.74072	0.065857
0.0716935	-2.63536	0.0725659
0.128024	-2.05554	0.128083
0.142249	-1.95018	0.142282
0.0896168	-2.41221	0.0899517
0.128024	-2.05554	0.128083
0.142249	-1.95018	0.142282
0.0896168	-2.41221	0.0899517
0.0716935	-2.63536	0.0725659
0.0796594	-2.53	0.0802205
0.124468	-2.08371	0.124536
0.164602	-1.80422	0.164617
0.182892	-1.69886	0.182899
0.115222	-2.1609	0.115323
0.0806552	-2.51757	0.0811871
0.0896168	-2.41221	0.0899517
0.0806552	-2.51757	0.0811871
0.16003	-1.83239	0.160047
0.144027	-1.93775	0.144058
0.100819	-2.29443	0.101014
0.16003	-1.83239	0.160047
0.144027	-1.93775	0.144058
0.100819	-2.29443	0.101014
0.4536	-0.79054	0.4536
0.36288	-1.01368	0.36288
0.164602	-1.80422	0.164617
0.115222	-2.1609	0.115323
0.128024	-2.05554	0.128083
0.115222	-2.1609	0.115323
0.228614	-1.47572	0.228616
0.205753	-1.58108	0.205756
0.144027	-1.93775	0.144058
0.228614	-1.47572	0.228616
0.205753	-1.58108	0.205756
0.144027	-1.93775	0.144058
0.148142	-1.90958	0.148169
0.0933295	-2.37162	0.0936082
0.0653307	-2.72829	0.0665997
0.0725896	-2.62293	0.0734186
0.0653307	-2.72829	0.0665997
0.129624	-2.04311	0.12968
0.116662	-2.14848	0.116757
0.0816633	-2.50515	0.0821676
0.129624	-2.04311	0.12968
0.116662	-2.14848	0.116757
0.0816633	-2.50515	0.0821676
0.293933	-1.2244	0.293933
0.326592	-1.11904	0.326592
0.16666	-1.7918	0.166673
0.133328	-2.01494	0.133376
0.205753	-1.58108	0.205756
0.144027	-1.93775	0.144058
0.16003	-1.83239	0.160047
0.144027	-1.93775	0.144058
0.285768	-1.25257	0.285768
0.257191	-1.35794	0.257192
0.180034	-1.71461	0.180042
0.285768	-1.25257	0.285768
0.257191	-1.35794	0.257192
0.180034	-1.71461	0.180042
0.235146	-1.44755	0.235148
0.261274	-1.34219	0.261274
0.164602	-1.80422	0.164617
0.115222	-2.1609	0.115323
0.128024	-2.05554	0.128083
0.115222	-2.1609	0.115323
0.228614	-1.47572	0.228616
0.205753	-1.58108	0.205756
0.144027	-1.93775	0.144058
0.228614	-1.47572	0.228616
0.205753	-1.58108	0.205756
0.144027	-1.93775	0.144058
0.228614	-1.47572	0.228616
0.182892	-1.69886	0.182899
0.0829596	-2.4894	0.0834306
0.0580717	-2.84608	0.0600754
0.0645241	-2.74072	0.065857
0.0580717	-2.84608	0.0600754
0.115222	-2.1609	0.115323
0.103699	-2.26626	0.10387
0.0725896	-2.62293	0.0734186
0.115222	-2.1609	0.115323
0.103699	-2.26626	0.10387
0.0725896	-2.62293	0.0734186
0.40824	-0.8959	0.40824
0.326592	-1.11904	0.326592
0.148142	-1.90958	0.148169
0.103699	-2.26626	0.10387
0.115222	-2.1609	0.115323
0.103699	-2.26626	0.10387
0.205753	-1.58108	0.205756
0.185178	-1.68644	0.185185
0.129624	-2.04311	0.12968
0.205753	-1.58108	0.205756
0.185178	-1.68644	0.185185
0.129624	-2.04311	0.12968
0.133328	-2.01494	0.133376
0.0839966	-2.47698	0.0844427
0.0587976	-2.83365	0.0607088
0.0653307	-2.72829	0.0665997
0.0587976	-2.83365	0.0607088
0.116662	-2.14848	0.116757
0.104996	-2.25384	0.105156
0.073497	-2.61051	0.0742845
0.116662	-2.14848	0.116757
0.104996	-2.25384	0.105156
0.073497	-2.61051	0.0742845
0.211632	-1.55291	0.211634
0.235146	-1.44755	0.235148
0.148142	-1.90958	0.148169
0.103699	-2.26626	0.10387
0.115222	-2.1609	0.115323
0.103699	-2.26626	0.10387
0.205753	-1.58108	0.205756
0.185178	-1.68644	0.185185
0.129624	-2.04311	0.12968
0.205753	-1.58108	0.205756
0.185178	-1.68644	0.185185
0.129624	-2.04311	0.12968
0.205753	-1.58108	0.205756
0.164602	-1.80422	0.164617
0.0746636	-2.59476	0.0754012
0.0522645	-2.95144	0.0552317
0.0580717	-2.84608	0.0600754
0.0522645	-2.95144	0.0552317
0.103699	-2.26626	0.10387
0.0933295	-2.37162	0.0936082
0.0653307	-2.72829	0.0665997
0.103699	-2.26626	0.10387
0.0933295	-2.37162	0.0936082
0.0653307	-2.72829	0.0665997
0.293933	-1.2244	0.293933
0.326592	-1.11904	0.326592
0.26454	-1.32976	0.26454
0.211632	-1.55291	0.211634
0.16666	-1.7918	0.166673
0.133328	-2.01494	0.133376
0.205753	-1.58108	0.205756
0.144027	-1.93775	0.144058
0.16003	-1.83239	0.160047
0.144027	-1.93775	0.144058
0.285768	-1.25257	0.285768
0.257191	-1.35794	0.257192
0.180034	-1.71461	0.180042
0.285768	-1.25257	0.285768
0.257191	-1.35794	0.257192
0.180034	-1.71461	0.180042
0.185178	-1.68644	0.185185
0.116662	-2.14848	0.116757
0.0816633	-2.50515	0.0821676
0.0907371	-2.39979	0.0910537
0.0816633	-2.50515	0.0821676
0.16203	-1.81997	0.162046
0.145827	-1.92533	0.145856
0.102079	-2.28201	0.102263
0.16203	-1.81997	0.162046
0.145827	-1.92533	0.145856
0.102079	-2.28201	0.102263
0.148142	-1.90958	0.148169
0.0933295	-2.37162	0.0936082
0.0653307	-2.72829	0.0665997
0.0725896	-2.62293	0.0734186
0.0653307	-2.72829	0.0665997
0.129624	-2.04311	0.12968
0.116662	-2.14848	0.116757
0.0816633	-2.50515	0.0821676
0.129624	-2.04311	0.12968
0.116662	-2.14848	0.116757
0.0816633	-2.50515	0.0821676
0.285768	-1.25257	0.285768
0.228614	-1.47572	0.228616
0.103699	-2.26626	0.10387
0.0725896	-2.62293	0.0734186
0.0806552	-2.51757	0.0811871
0.0725896	-2.62293	0.0734186
0.144027	-1.93775	0.144058
0.129624	-2.04311	0.12968
0.0907371	-2.39979	0.0910537
0.144027	-1.93775	0.144058
0.129624	-2.04311	0.12968
0.0907371	-2.39979	0.0910537
0.254016	-1.37036	0.254017
0.203213	-1.5935	0.203217
0.0921773	-2.38404	0.0924722
0.0645241	-2.74072	0.065857
0.0716935	-2.63536	0.0725659
0.0645241	-2.74072	0.065857
0.128024	-2.05554	0.128083
0.115222	-2.1609	0.115323
0.0806552	-2.51757	0.0811871
0.128024	-2.05554	0.128083
0.115222	-2.1609	0.115323
0.0806552	-2.51757	0.0811871
0.164602	-1.80422	0.164617
0.182892	-1.69886	0.182899
0.115222	-2.1609	0.115323
0.0806552	-2.51757	0.0811871
0.0896168	-2.41221	0.0899517
0.0806552	-2.51757	0.0811871
0.16003	-1.83239	0.160047
0.144027	-1.93775	0.144058
0.100819	-2.29443	0.101014
0.16003	-1.83239	0.160047
0.144027	-1.93775	0.144058
0.100819	-2.29443	0.101014
0.164602	-1.80422	0.164617
0.182892	-1.69886	0.182899
0.115222	-2.1609	0.115323
0.0806552	-2.51757	0.0811871
0.0896168	-2.41221	0.0899517
0.0806552	-2.51757	0.0811871
0.185178	-1.68644	0.185185
0.148142	-1.90958	0.148169
0.16003	-1.83239	0.160047
0.144027	-1.93775	0.144058
0.100819	-2.29443	0.101014
0.16003	-1.83239	0.160047
0.144027	-1.93775	0.144058
0.100819	-2.29443	0.101014
0.441	-0.81871	0.441
0.3969	-0.924071	0.3969
0.144027	-1.93775	0.144058
0.16003	-1.83239	0.160047
0.129624	-2.04311	0.12968
0.103699	-2.26626	0.10387
0.0653307	-2.72829	0.0665997
0.0522645	-2.95144	0.0552317
0.0587976	-2.83365	0.0607088
0.0470381	-3.0568	0.0513709
0.0816633	-2.50515	0.0821676
0.0653307	-2.72829	0.0665997
0.0725896	-2.62293	0.0734186
0.0580717	-2.84608	0.0600754
0.0653307	-2.72829	0.0665997
0.0522645	-2.95144	0.0552317
0.16203	-1.81997	0.162046
0.129624	-2.04311	0.12968
0.0816633	-2.50515	0.0821676
0.0653307	-2.72829	0.0665997
0.0816633	-2.50515	0.0821676
0.0653307	-2.72829	0.0665997
0.129624	-2.04311	0.12968
0.103699	-2.26626	0.10387
0.0653307	-2.72829	0.0665997
0.0522645	-2.95144	0.0552317
0.0816633	-2.50515	0.0821676
0.0653307	-2.72829	0.0665997
0.0725896	-2.62293	0.0734186
0.0580717	-2.84608	0.0600754
0.285768	-1.25257	0.285768
0.31752	-1.14721	0.31752
0.257191	-1.35794	0.257192
0.205753	-1.58108	0.205756
0.129624	-2.04311	0.12968
0.103699	-2.26626	0.10387
0.116662	-2.14848	0.116757
0.0933295	-2.37162	0.0936082
0.16203	-1.81997	0.162046
0.129624	-2.04311	0.12968
0.144027	-1.93775	0.144058
0.115222	-2.1609	0.115323
0.129624	-2.04311	0.12968
0.103699	-2.26626	0.10387
0.200038	-1.60925	0.200042
0.321489	-1.13479	0.321489
0.257191	-1.35794	0.257192
0.16203	-1.81997	0.162046
0.129624	-2.04311	0.12968
0.16203	-1.81997	0.162046
0.129624	-2.04311	0.12968
0.257191	-1.35794	0.257192
0.205753	-1.58108	0.205756
0.129624	-2.04311	0.12968
0.103699	-2.26626	0.10387
0.16203	-1.81997	0.162046
0.129624	-2.04311	0.12968
0.144027	-1.93775	0.144058
0.115222	-2.1609	0.115323
0.285768	-1.25257	0.285768
0.31752	-1.14721	0.31752
0.257191	-1.35794	0.257192
0.205753	-1.58108	0.205756
0.129624	-2.04311	0.12968
0.103699	-2.26626	0.10387
0.116662	-2.14848	0.116757
0.0933295	-2.37162	0.0936082
0.16203	-1.81997	0.162046
0.129624	-2.04311	0.12968
0.144027	-1.93775	0.144058
0.115222	-2.1609	0.115323
0.129624	-2.04311	0.12968
0.103699	-2.26626	0.10387
0.200038	-1.60925	0.200042
0.321489	-1.13479	0.321489
0.257191	-1.35794	0.257192
0.16203	-1.81997	0.162046
0.129624	-2.04311	0.12968
0.16203	-1.81997	0.162046
0.129624	-2.04311	0.12968
0.257191	-1.35794	0.257192
0.205753	-1.58108	0.205756
0.129624	-2.04311	0.12968
0.103699	-2.26626	0.10387
0.16203	-1.81997	0.162046
0.129624	-2.04311	0.12968
0.144027	-1.93775	0.144058
0.115222	-2.1609	0.115323
0.16003	-1.83239	0.160047
0.177811	-1.72703	0.17782
0.144027	-1.93775	0.144058
0.115222	-2.1609	0.115323
0.0725896	-2.62293	0.0734186
0.0580717	-2.84608	0.0600754
0.0653307	-2.72829	0.0665997
0.0522645	-2.95144	0.0552317
0.0907371	-2.39979	0.0910537
0.0725896	-2.62293	0.0734186
0.0806552	-2.51757	0.0811871
0.0645241	-2.74072	0.065857
0.0725896	-2.62293	0.0734186
0.0580717	-2.84608	0.0600754
0.180034	-1.71461	0.180042
0.144027	-1.93775	0.144058
0.0907371	-2.39979	0.0910537
0.0725896	-2.62293	0.0734186
0.0907371	-2.39979	0.0910537
0.0725896	-2.62293	0.0734186
0.144027	-1.93775	0.144058
0.115222	-2.1609	0.115323
0.0725896	-2.62293	0.0734186
0.0580717	-2.84608	0.0600754
0.0907371	-2.39979	0.0910537
0.0725896	-2.62293	0.0734186
0.0806552	-2.51757	0.0811871
0.0645241	-2.74072	0.065857
0.27783	-1.28075	0.27783
0.254016	-1.37036	0.254017
0.228614	-1.47572	0.228616
0.115222	-2.1609	0.115323
0.115222	-2.1609	0.115323
0.16003	-1.83239	0.160047
0.148142	-1.90958	0.148169
0.103699	-2.26626	0.10387
0.115222	-2.1609	0.115323
0.103699	-2.26626	0.10387
0.205753	-1.58108	0.205756
0.185178	-1.68644	0.185185
0.129624	-2.04311	0.12968
0.205753	-1.58108	0.205756
0.185178	-1.68644	0.185185
0.129624	-2.04311	0.12968
0.0829596	-2.4894	0.0834306
0.0580717	-2.84608	0.0600754
0.0645241	-2.74072	0.065857
0.0580717	-2.84608	0.0600754
0.115222	-2.1609	0.115323
0.103699	-2.26626	0.10387
0.0725896	-2.62293	0.0734186
0.115222	-2.1609	0.115323
0.103699	-2.26626	0.10387
0.0725896	-2.62293	0.0734186
0.228614	-1.47572	0.228616
0.205753	-1.58108	0.205756
0.103699	-2.26626	0.10387
0.103699	-2.26626	0.10387
0.144027	-1.93775	0.144058
0.0746636	-2.59476	0.0754012
0.0522645	-2.95144	0.0552317
0.0580717	-2.84608	0.0600754
0.0522645	-2.95144	0.0552317
0.103699	-2.26626	0.10387
0.0933295	-2.37162	0.0936082
0.0653307	-2.72829	0.0665997
0.103699	-2.26626	0.10387
0.0933295	-2.37162	0.0936082
0.0653307	-2.72829	0.0665997
0.103699	-2.26626	0.10387
0.0933295	-2.37162	0.0936082
0.0653307	-2.72829	0.0665997
0.185178	-1.68644	0.185185
0.129624	-2.04311	0.12968
0.144027	-1.93775	0.144058
0.129624	-2.04311	0.12968
0.257191	-1.35794	0.257192
0.231472	-1.4633	0.231474
0.16203	-1.81997	0.162046
0.257191	-1.35794	0.257192
0.231472	-1.4633	0.231474
0.16203	-1.81997	0.162046
0.148142	-1.90958	0.148169
0.103699	-2.26626	0.10387
0.115222	-2.1609	0.115323
0.103699	-2.26626	0.10387
0.148142	-1.90958	0.148169
0.133328	-2.01494	0.133376
0.0933295	-2.37162	0.0936082
0.205753	-1.58108	0.205756
0.185178	-1.68644	0.185185
0.129624	-2.04311	0.12968
0.205753	-1.58108	0.205756
0.185178	-1.68644	0.185185
0.129624	-2.04311	0.12968
0.142249	-1.95018	0.142282
0.128024	-2.05554	0.128083
0.0645241	-2.74072	0.065857
0.0645241	-2.74072	0.065857
0.0896168	-2.41221	0.0899517
0.0829596	-2.4894	0.0834306
0.0580717	-2.84608	0.0600754
0.0645241	-2.74072	0.065857
0.0580717	-2.84608	0.0600754
0.115222	-2.1609	0.115323
0.103699	-2.26626	0.10387
0.0725896	-2.62293	0.0734186
0.115222	-2.1609	0.115323
0.103699	-2.26626	0.10387
0.0725896	-2.62293	0.0734186
0.4536	-0.79054	0.4536
0.0933295	-2.37162	0.0936082
0.0653307	-2.72829	0.0665997
0.0725896	-2.62293	0.0734186
0.0653307	-2.72829	0.0665997
0.129624	-2.04311	0.12968
0.116662	-2.14848	0.116757
0.0816633	-2.50515	0.0821676
0.129624	-2.04311	0.12968
0.116662	-2.14848	0.116757
0.0816633	-2.50515	0.0821676
0.0746636	-2.59476	0.0754012
0.0522645	-2.95144	0.0552317
0.0580717	-2.84608	0.0600754
0.0522645	-2.95144	0.0552317
0.103699	-2.26626	0.10387
0.0933295	-2.37162	0.0936082
0.0653307	-2.72829	0.0665997
0.103699	-2.26626	0.10387
0.0933295	-2.37162	0.0936082
0.0653307	-2.72829	0.0665997
0.16003	-1.83239	0.160047
0.144027	-1.93775	0.144058
0.0725896	-2.62293	0.0734186
0.0725896	-2.62293	0.0734186
0.100819	-2.29443	0.101014
0.0671973	-2.70012	0.0683316
0.0470381	-3.0568	0.0513709
0.0522645	-2.95144	0.0552317
0.0470381	-3.0568	0.0513709
0.0933295	-2.37162	0.0936082
0.0839966	-2.47698	0.0844427
0.0587976	-2.83365	0.0607088
0.0933295	-2.37162	0.0936082
0.0839966	-2.47698	0.0844427
0.0587976	-2.83365	0.0607088
0.0933295	-2.37162	0.0936082
0.0653307	-2.72829	0.0665997
0.0725896	-2.62293	0.0734186
0.0653307	-2.72829	0.0665997
0.129624	-2.04311	0.12968
0.116662	-2.14848	0.116757
0.0816633	-2.50515	0.0821676
0.129624	-2.04311	0.12968
0.116662	-2.14848	0.116757
0.0816633	-2.50515	0.0821676
0.128024	-2.05554	0.128083
0.115222	-2.1609	0.115323
0.0580717	-2.84608	0.0600754
0.0580717	-2.84608	0.0600754
0.0806552	-2.51757	0.0811871
0.0746636	-2.59476	0.0754012
0.0522645	-2.95144	0.0552317
0.0580717	-2.84608	0.0600754
0.0522645	-2.95144	0.0552317
0.103699	-2.26626	0.10387
0.0933295	-2.37162	0.0936082
0.0653307	-2.72829	0.0665997
0.103699	-2.26626	0.10387
0.0933295	-2.37162	0.0936082
0.0653307	-2.72829	0.0665997
0.115222	-2.1609	0.115323
0.103699	-2.26626	0.10387
0.0522645	-2.95144	0.0552317
0.0522645	-2.95144	0.0552317
0.0725896	-2.62293	0.0734186
0.0933295	-2.37162	0.0936082
0.0653307	-2.72829	0.0665997
0.0725896	-2.62293	0.0734186
0.0653307	-2.72829	0.0665997
0.129624	-2.04311	0.12968
0.116662	-2.14848	0.116757
0.0816633	-2.50515	0.0821676
0.129624	-2.04311	0.12968
0.116662	-2.14848	0.116757
0.0816633	-2.50515	0.0821676
0.0933295	-2.37162	0.0936082
0.0653307	-2.72829	0.0665997
0.0725896	-2.62293	0.0734186
0.0653307	-2.72829	0.0665997
0.0933295	-2.37162	0.0936082
0.0839966	-2.47698	0.0844427
0.0587976	-2.83365	0.0607088
0.0933295	-2.37162	0.0936082
0.0839966	-2.47698	0.0844427
0.0587976	-2.83365	0.0607088
0.129624	-2.04311	0.12968
0.116662	-2.14848	0.116757
0.0816633	-2.50515	0.0821676
0.129624	-2.04311	0.12968
0.116662	-2.14848	0.116757
0.0816633	-2.50515	0.0821676
0.504	-0.685179	0.504
0.293933	-1.2244	0.293933
0.103699	-2.26626	0.10387
0.0933295	-2.37162	0.0936082
0.0653307	-2.72829	0.0665997
0.182892	-1.69886	0.182899
0.164602	-1.80422	0.164617
0.115222	-2.1609	0.115323
0.148142	-1.90958	0.148169
0.164602	-1.80422	0.164617
0.148142	-1.90958	0.148169
0.103699	-2.26626	0.10387
0.133328	-2.01494	0.133376
0.103699	-2.26626	0.10387
0.0933295	-2.37162	0.0936082
0.0653307	-2.72829	0.0665997
0.0933295	-2.37162	0.0936082
0.0839966	-2.47698	0.0844427
0.0587976	-2.83365	0.0607088
0.185178	-1.68644	0.185185
0.164602	-1.80422	0.164617
0.128024	-2.05554	0.128083
0.115222	-2.1609	0.115323
0.0806552	-2.51757	0.0811871
0.148142	-1.90958	0.148169
0.228614	-1.47572	0.228616
0.16003	-1.83239	0.160047
0.115222	-2.1609	0.115323
0.0580717	-2.84608	0.0600754
0.103699	-2.26626	0.10387
0.0522645	-2.95144	0.0552317
0.0725896	-2.62293	0.0734186
0.0645241	-2.74072	0.065857
0.177811	-1.72703	0.17782
0.128024	-2.05554	0.128083
0.0645241	-2.74072	0.065857
0.115222	-2.1609	0.115323
0.0580717	-2.84608	0.0600754
0.0806552	-2.51757	0.0811871
0.0716935	-2.63536	0.0725659
0.16003	-1.83239	0.160047
0.367416	-1.00126	0.367416
0.129624	-2.04311	0.12968
0.116662	-2.14848	0.116757
0.0816633	-2.50515	0.0821676
0.228614	-1.47572	0.228616
0.205753	-1.58108	0.205756
0.144027	-1.93775	0.144058
0.185178	-1.68644	0.185185
0.185178	-1.68644	0.185185
0.128024	-2.05554	0.128083
0.115222	-2.1609	0.115323
0.0806552	-2.51757	0.0811871
0.293933	-1.2244	0.293933
0.148142	-1.90958	0.148169
0.228614	-1.47572	0.228616
0.205753	-1.58108	0.205756
0.144027	-1.93775	0.144058
0.185178	-1.68644	0.185185
0.164602	-1.80422	0.164617
0.31752	-1.14721	0.31752
0.228614	-1.47572	0.228616
0.115222	-2.1609	0.115323
0.205753	-1.58108	0.205756
0.103699	-2.26626	0.10387
0.144027	-1.93775	0.144058
0.128024	-2.05554	0.128083
0.285768	-1.25257	0.285768
0.200038	-1.60925	0.200042
0.31752	-1.14721	0.31752
0.228614	-1.47572	0.228616
0.115222	-2.1609	0.115323
0.205753	-1.58108	0.205756
0.103699	-2.26626	0.10387
0.144027	-1.93775	0.144058
0.128024	-2.05554	0.128083
0.285768	-1.25257	0.285768
0.200038	-1.60925	0.200042
0.567	-0.567396	0.567
0.3969	-0.924071	0.3969
0.285768	-1.25257	0.285768
0.228614	-1.47572	0.228616
0.0933295	-2.37162	0.0936082
0.185178	-1.68644	0.185185
0.205753	-1.58108	0.205756
0.104996	-2.25384	0.105156
0.0839966	-2.47698	0.0844427
0.148142	-1.90958	0.148169
0.164602	-1.80422	0.164617
0.144027	-1.93775	0.144058
0.115222	-2.1609	0.115323
0.257191	-1.35794	0.257192
0.205753	-1.58108	0.205756
0.0839966	-2.47698	0.0844427
0.133328	-2.01494	0.133376
0.148142	-1.90958	0.148169
0.129624	-2.04311	0.12968
0.103699	-2.26626	0.10387
0.185178	-1.68644	0.185185
0.205753	-1.58108	0.205756
0.16666	-1.7918	0.166673
0.133328	-2.01494	0.133376
0.104996	-2.25384	0.105156
0.0839966	-2.47698	0.0844427
0.116662	-2.14848	0.116757
0.0933295	-2.37162	0.0936082
0.180034	-1.71461	0.180042
0.144027	-1.93775	0.144058
0.16003	-1.83239	0.160047
0.128024	-2.05554	0.128083
0.103699	-2.26626	0.10387
0.115222	-2.1609	0.115323
0.103699	-2.26626	0.10387
0.115222	-2.1609	0.115323
0.116662	-2.14848	0.116757
0.0933295	-2.37162	0.0936082
0.257191	-1.35794	0.257192
0.285768	-1.25257	0.285768
0.231472	-1.4633	0.231474
0.185178	-1.68644	0.185185
0.116662	-2.14848	0.116757
0.0933295	-2.37162	0.0936082
0.104996	-2.25384	0.105156
0.0839966	-2.47698	0.0844427
0.145827	-1.92533	0.145856
0.116662	-2.14848	0.116757
0.129624	-2.04311	0.12968
0.103699	-2.26626	0.10387
0.116662	-2.14848	0.116757
0.0933295	-2.37162	0.0936082
0.28934	-1.24015	0.28934
0.231472	-1.4633	0.231474
0.145827	-1.92533	0.145856
0.116662	-2.14848	0.116757
0.145827	-1.92533	0.145856
0.116662	-2.14848	0.116757
0.231472	-1.4633	0.231474
0.185178	-1.68644	0.185185
0.116662	-2.14848	0.116757
0.0933295	-2.37162	0.0936082
0.145827	-1.92533	0.145856
0.116662	-2.14848	0.116757
0.129624	-2.04311	0.12968
0.103699	-2.26626	0.10387
0.257191	-1.35794	0.257192
0.285768	-1.25257	0.285768
0.231472	-1.4633	0.231474
0.185178	-1.68644	0.185185
0.116662	-2.14848	0.116757
0.0933295	-2.37162	0.0936082
0.104996	-2.25384	0.105156
0.0839966	-2.47698	0.0844427
0.145827	-1.92533	0.145856
0.116662	-2.14848	0.116757
0.129624	-2.04311	0.12968
0.103699	-2.26626	0.10387
0.116662	-2.14848	0.116757
0.0933295	-2.37162	0.0936082
0.28934	-1.24015	0.28934
0.231472	-1.4633	0.231474
0.145827	-1.92533	0.145856
0.116662	-2.14848	0.116757
0.145827	-1.92533	0.145856
0.116662	-2.14848	0.116757
0.231472	-1.4633	0.231474
0.185178	-1.68644	0.185185
0.116662	-2.14848	0.116757
0.0933295	-2.37162	0.0936082
0.145827	-1.92533	0.145856
0.116662	-2.14848	0.116757
0.129624	-2.04311	0.12968
0.103699	-2.26626	0.10387
0.144027	-1.93775	0.144058
0.16003	-1.83239	0.160047
0.129624	-2.04311	0.12968
0.103699	-2.26626	0.10387
0.0653307	-2.72829	0.0665997
0.0522645	-2.95144	0.0552317
0.0587976	-2.83365	0.0607088
0.0470381	-3.0568	0.0513709
0.0816633	-2.50515	0.0821676
0.0653307	-2.72829	0.0665997
0.0725896	-2.62293	0.0734186
0.0580717	-2.84608	0.0600754
0.0653307	-2.72829	0.0665997
0.0522645	-2.95144	0.0552317
0.16203	-1.81997	0.162046
0.129624	-2.04311	0.12968
0.0816633	-2.50515	0.0821676
0.0653307	-2.72829	0.0665997
0.0816633	-2.50515	0.0821676
0.0653307	-2.72829	0.0665997
0.129624	-2.04311	0.12968
0.103699	-2.26626	0.10387
0.0653307	-2.72829	0.0665997
0.0522645	-2.95144	0.0552317
0.0816633	-2.50515	0.0821676
0.0653307	-2.72829	0.0665997
0.0725896	-2.62293	0.0734186
0.0580717	-2.84608	0.0600754
0.115222	-2.1609	0.115323
0.103699	-2.26626	0.10387
0.0645241	-2.74072	0.065857
0.205753	-1.58108	0.205756
0.0725896	-2.62293	0.0734186
0.0580717	-2.84608	0.0600754
0.0522645	-2.95144	0.0552317
0.228614	-1.47572	0.228616
0.185178	-1.68644	0.185185
0.148142	-1.90958	0.148169
0.0653307	-2.72829	0.0665997
0.115222	-2.1609	0.115323
0.0933295	-2.37162	0.0936082
0.0746636	-2.59476	0.0754012
0.103699	-2.26626	0.10387
0.0839966	-2.47698	0.0844427
0.0671973	-2.70012	0.0683316
0.0653307	-2.72829	0.0665997
0.0587976	-2.83365	0.0607088
0.116662	-2.14848	0.116757
0.0933295	-2.37162	0.0936082
0.103699	-2.26626	0.10387
0.0829596	-2.4894	0.0834306
0.0806552	-2.51757	0.0811871
0.0933295	-2.37162	0.0936082
0.0746636	-2.59476	0.0754012
0.231472	-1.4633	0.231474
0.185178	-1.68644	0.185185
0.0816633	-2.50515	0.0821676
0.144027	-1.93775	0.144058
0.116662	-2.14848	0.116757
0.0933295	-2.37162	0.0936082
0.116662	-2.14848	0.116757
0.0933295	-2.37162	0.0936082
0.0806552	-2.51757	0.0811871
0.185178	-1.68644	0.185185
0.148142	-1.90958	0.148169
0.0933295	-2.37162	0.0936082
0.0746636	-2.59476	0.0754012
0.144027	-1.93775	0.144058
0.116662	-2.14848	0.116757
0.0933295	-2.37162	0.0936082
0.103699	-2.26626	0.10387
0.0829596	-2.4894	0.0834306
0.200038	-1.60925	0.200042
0.144027	-1.93775	0.144058
0.115222	-2.1609	0.115323
0.0725896	-2.62293	0.0734186
0.0580717	-2.84608	0.0600754
0.129624	-2.04311	0.12968
0.103699	-2.26626	0.10387
0.0653307	-2.72829	0.0665997
0.0522645	-2.95144	0.0552317
0.0907371	-2.39979	0.0910537
0.0725896	-2.62293	0.0734186
0.0806552	-2.51757	0.0811871
0.0645241	-2.74072	0.065857
0.200038	-1.60925	0.200042
0.144027	-1.93775	0.144058
0.115222	-2.1609	0.115323
0.0725896	-2.62293	0.0734186
0.0580717	-2.84608	0.0600754
0.129624	-2.04311	0.12968
0.103699	-2.26626	0.10387
0.0653307	-2.72829	0.0665997
0.0522645	-2.95144	0.0552317
0.0907371	-2.39979	0.0910537
0.0725896	-2.62293	0.0734186
0.0806552	-2.51757	0.0811871
0.0645241	-2.74072	0.065857
0.27783	-1.28075	0.27783
0.200038	-1.60925	0.200042
0.16003	-1.83239	0.160047
0.0653307	-2.72829	0.0665997
0.129624	-2.04311	0.12968
0.144027	-1.93775	0.144058
0.073497	-2.61051	0.0742845
0.0587976	-2.83365	0.0607088
0.103699	-2.26626	0.10387
0.115222	-2.1609	0.115323
0.100819	-2.29443	0.101014
0.0806552	-2.51757	0.0811871
0.180034	-1.71461	0.180042
0.144027	-1.93775	0.144058
0.0587976	-2.83365	0.0607088
0.0933295	-2.37162	0.0936082
0.103699	-2.26626	0.10387
0.0907371	-2.39979	0.0910537
0.0725896	-2.62293	0.0734186
0.129624	-2.04311	0.12968
0.144027	-1.93775	0.144058
0.116662	-2.14848	0.116757
0.0933295	-2.37162	0.0936082
0.073497	-2.61051	0.0742845
0.0587976	-2.83365	0.0607088
0.0816633	-2.50515	0.0821676
0.0653307	-2.72829	0.0665997
0.126024	-2.07129	0.126088
0.100819	-2.29443	0.101014
0.112021	-2.18907	0.112138
0.0896168	-2.41221	0.0899517
0.0725896	-2.62293	0.0734186
0.0806552	-2.51757	0.0811871
0.0725896	-2.62293	0.0734186
0.0806552	-2.51757	0.0811871
0.0816633	-2.50515	0.0821676
0.0653307	-2.72829	0.0665997
0.180034	-1.71461	0.180042
0.200038	-1.60925	0.200042
0.16203	-1.81997	0.162046
0.129624	-2.04311	0.12968
0.0816633	-2.50515	0.0821676
0.0653307	-2.72829	0.0665997
0.073497	-2.61051	0.0742845
0.0587976	-2.83365	0.0607088
0.102079	-2.28201	0.102263
0.0816633	-2.50515	0.0821676
0.0907371	-2.39979	0.0910537
0.0725896	-2.62293	0.0734186
0.0816633	-2.50515	0.0821676
0.0653307	-2.72829	0.0665997
0.202538	-1.59683	0.202542
0.16203	-1.81997	0.162046
0.102079	-2.28201	0.102263
0.0816633	-2.50515	0.0821676
0.102079	-2.28201	0.102263
0.0816633	-2.50515	0.0821676
0.16203	-1.81997	0.162046
0.129624	-2.04311	0.12968
0.0816633	-2.50515	0.0821676
0.0653307	-2.72829	0.0665997
0.102079	-2.28201	0.102263
0.0816633	-2.50515	0.0821676
0.0907371	-2.39979	0.0910537
0.0725896	-2.62293	0.0734186
0.180034	-1.71461	0.180042
0.200038	-1.60925	0.200042
0.16203	-1.81997	0.162046
0.129624	-2.04311	0.12968
0.0816633	-2.50515	0.0821676
0.0653307	-2.72829	0.0665997
0.073497	-2.61051	0.0742845
0.0587976	-2.83365	0.0607088
0.102079	-2.28201	0.102263
0.0816633	-2.50515	0.0821676
0.0907371	-2.39979	0.0910537
0.0725896	-2.62293	0.0734186
0.0816633	-2.50515	0.0821676
0.0653307	-2.72829	0.0665997
0.202538	-1.59683	0.202542
0.16203	-1.81997	0.162046
0.102079	-2.28201	0.102263
0.0816633	-2.50515	0.0821676
0.102079	-2.28201	0.102263
0.0816633	-2.50515	0.0821676
0.16203	-1.81997	0.162046
0.129624	-2.04311	0.12968
0.0816633	-2.50515	0.0821676
0.0653307	-2.72829	0.0665997
0.102079	-2.28201	0.102263
0.0816633	-2.50515	0.0821676
0.0907371	-2.39979	0.0910537
0.0725896	-2.62293	0.0734186
Ind prob: 57.4772
17, 15
0.203213	-1.5935	0.203217
0.182892	-1.69886	0.182899
0.113799	-2.17332	0.113907
0.254016	-1.37036	0.254017
0.205753	-1.58108	0.205756
0.228614	-1.47572	0.228616
0.254016	-1.37036	0.254017
0.205753	-1.58108	0.205756
0.228614	-1.47572	0.228616
0.164602	-1.80422	0.164617
0.182892	-1.69886	0.182899
0.203213	-1.5935	0.203217
0.148142	-1.90958	0.148169
0.164602	-1.80422	0.164617
0.182892	-1.69886	0.182899
0.0921773	-2.38404	0.0924722
0.102419	-2.27868	0.1026
0.113799	-2.17332	0.113907
0.164602	-1.80422	0.164617
0.148142	-1.90958	0.148169
0.0921773	-2.38404	0.0924722
0.205753	-1.58108	0.205756
0.205753	-1.58108	0.205756
0.228614	-1.47572	0.228616
0.128024	-2.05554	0.128083
0.103699	-2.26626	0.10387
0.115222	-2.1609	0.115323
0.103699	-2.26626	0.10387
0.115222	-2.1609	0.115323
0.128024	-2.05554	0.128083
0.115222	-2.1609	0.115323
0.0933295	-2.37162	0.0936082
0.103699	-2.26626	0.10387
0.128024	-2.05554	0.128083
0.103699	-2.26626	0.10387
0.115222	-2.1609	0.115323
0.0829596	-2.4894	0.0834306
0.0921773	-2.38404	0.0924722
0.102419	-2.27868	0.1026
0.0746636	-2.59476	0.0754012
0.0829596	-2.4894	0.0834306
0.0921773	-2.38404	0.0924722
0.203213	-1.5935	0.203217
0.182892	-1.69886	0.182899
0.113799	-2.17332	0.113907
0.205753	-1.58108	0.205756
0.228614	-1.47572	0.228616
0.128024	-2.05554	0.128083
0.102419	-2.27868	0.1026
0.0921773	-2.38404	0.0924722
0.205753	-1.58108	0.205756
0.228614	-1.47572	0.228616
0.128024	-2.05554	0.128083
0.225792	-1.48814	0.225794
0.103699	-2.26626	0.10387
0.115222	-2.1609	0.115323
0.203213	-1.5935	0.203217
0.0933295	-2.37162	0.0936082
0.103699	-2.26626	0.10387
0.103699	-2.26626	0.10387
0.115222	-2.1609	0.115323
0.126444	-2.06796	0.126507
0.164602	-1.80422	0.164617
0.182892	-1.69886	0.182899
0.0829596	-2.4894	0.0834306
0.0921773	-2.38404	0.0924722
0.148142	-1.90958	0.148169
0.164602	-1.80422	0.164617
0.0746636	-2.59476	0.0754012
0.0829596	-2.4894	0.0834306
0.103699	-2.26626	0.10387
0.115222	-2.1609	0.115323
0.0921773	-2.38404	0.0924722
0.102419	-2.27868	0.1026
0.28224	-1.265	0.28224
0.164602	-1.80422	0.164617
0.148142	-1.90958	0.148169
0.0921773	-2.38404	0.0924722
0.103699	-2.26626	0.10387
0.0829596	-2.4894	0.0834306
0.0746636	-2.59476	0.0754012
0.228614	-1.47572	0.228616
0.254016	-1.37036	0.254017
0.182892	-1.69886	0.182899
0.164602	-1.80422	0.164617
0.102419	-2.27868	0.1026
0.228614	-1.47572	0.228616
0.205753	-1.58108	0.205756
0.228614	-1.47572	0.228616
0.205753	-1.58108	0.205756
0.164602	-1.80422	0.164617
0.182892	-1.69886	0.182899
0.148142	-1.90958	0.148169
0.164602	-1.80422	0.164617
0.0921773	-2.38404	0.0924722
0.102419	-2.27868	0.1026
0.115222	-2.1609	0.115323
0.103699	-2.26626	0.10387
0.103699	-2.26626	0.10387
0.115222	-2.1609	0.115323
0.103699	-2.26626	0.10387
0.0933295	-2.37162	0.0936082
0.115222	-2.1609	0.115323
0.103699	-2.26626	0.10387
0.0829596	-2.4894	0.0834306
0.0921773	-2.38404	0.0924722
0.0746636	-2.59476	0.0754012
0.0829596	-2.4894	0.0834306
0.164602	-1.80422	0.164617
0.148142	-1.90958	0.148169
0.0921773	-2.38404	0.0924722
0.103699	-2.26626	0.10387
0.0829596	-2.4894	0.0834306
0.0746636	-2.59476	0.0754012
0.103699	-2.26626	0.10387
0.182892	-1.69886	0.182899
0.164602	-1.80422	0.164617
0.102419	-2.27868	0.1026
0.228614	-1.47572	0.228616
0.228614	-1.47572	0.228616
0.254016	-1.37036	0.254017
0.228614	-1.47572	0.228616
0.148142	-1.90958	0.148169
0.164602	-1.80422	0.164617
0.185178	-1.68644	0.185185
0.205753	-1.58108	0.205756
0.164602	-1.80422	0.164617
0.148142	-1.90958	0.148169
0.185178	-1.68644	0.185185
0.185178	-1.68644	0.185185
0.205753	-1.58108	0.205756
0.182892	-1.69886	0.182899
0.148142	-1.90958	0.148169
0.164602	-1.80422	0.164617
0.148142	-1.90958	0.148169
0.148142	-1.90958	0.148169
0.164602	-1.80422	0.164617
0.0746636	-2.59476	0.0754012
0.0829596	-2.4894	0.0834306
0.0933295	-2.37162	0.0936082
0.103699	-2.26626	0.10387
0.115222	-2.1609	0.115323
0.185178	-1.68644	0.185185
0.205753	-1.58108	0.205756
0.148142	-1.90958	0.148169
0.164602	-1.80422	0.164617
0.115222	-2.1609	0.115323
0.0933295	-2.37162	0.0936082
0.103699	-2.26626	0.10387
0.0746636	-2.59476	0.0754012
0.0829596	-2.4894	0.0834306
0.254016	-1.37036	0.254017
0.148142	-1.90958	0.148169
0.164602	-1.80422	0.164617
0.0921773	-2.38404	0.0924722
0.0829596	-2.4894	0.0834306
0.164602	-1.80422	0.164617
0.182892	-1.69886	0.182899
0.0933295	-2.37162	0.0936082
0.0746636	-2.59476	0.0754012
0.205753	-1.58108	0.205756
0.228614	-1.47572	0.228616
0.148142	-1.90958	0.148169
0.164602	-1.80422	0.164617
0.118514	-2.13273	0.118602
0.131682	-2.02737	0.131733
0.118514	-2.13273	0.118602
0.131682	-2.02737	0.131733
0.131682	-2.02737	0.131733
0.146313	-1.92201	0.146342
0.164602	-1.80422	0.164617
0.182892	-1.69886	0.182899
0.203213	-1.5935	0.203217
0.115222	-2.1609	0.115323
0.0746636	-2.59476	0.0754012
0.0829596	-2.4894	0.0834306
0.0933295	-2.37162	0.0936082
0.103699	-2.26626	0.10387
0.0829596	-2.4894	0.0834306
0.0746636	-2.59476	0.0754012
0.0933295	-2.37162	0.0936082
0.0933295	-2.37162	0.0936082
0.103699	-2.26626	0.10387
0.0921773	-2.38404	0.0924722
0.0746636	-2.59476	0.0754012
0.0829596	-2.4894	0.0834306
0.0746636	-2.59476	0.0754012
0.0746636	-2.59476	0.0754012
0.0829596	-2.4894	0.0834306
0.133328	-2.01494	0.133376
0.148142	-1.90958	0.148169
0.106662	-2.23809	0.106811
0.118514	-2.13273	0.118602
0.106662	-2.23809	0.106811
0.118514	-2.13273	0.118602
0.118514	-2.13273	0.118602
0.131682	-2.02737	0.131733
0.148142	-1.90958	0.148169
0.164602	-1.80422	0.164617
0.182892	-1.69886	0.182899
0.103699	-2.26626	0.10387
0.0671973	-2.70012	0.0683316
0.0746636	-2.59476	0.0754012
0.0839966	-2.47698	0.0844427
0.0933295	-2.37162	0.0936082
0.0746636	-2.59476	0.0754012
0.0671973	-2.70012	0.0683316
0.0839966	-2.47698	0.0844427
0.0839966	-2.47698	0.0844427
0.0933295	-2.37162	0.0936082
0.0829596	-2.4894	0.0834306
0.0671973	-2.70012	0.0683316
0.0746636	-2.59476	0.0754012
0.0671973	-2.70012	0.0683316
0.0671973	-2.70012	0.0683316
0.0746636	-2.59476	0.0754012
0.115222	-2.1609	0.115323
0.103699	-2.26626	0.10387
0.144027	-1.93775	0.144058
0.0933295	-2.37162	0.0936082
0.103699	-2.26626	0.10387
0.116662	-2.14848	0.116757
0.129624	-2.04311	0.12968
0.144027	-1.93775	0.144058
0.0933295	-2.37162	0.0936082
0.103699	-2.26626	0.10387
0.116662	-2.14848	0.116757
0.129624	-2.04311	0.12968
0.0746636	-2.59476	0.0754012
0.0829596	-2.4894	0.0834306
0.0933295	-2.37162	0.0936082
0.103699	-2.26626	0.10387
0.115222	-2.1609	0.115323
0.0671973	-2.70012	0.0683316
0.0746636	-2.59476	0.0754012
0.0839966	-2.47698	0.0844427
0.0933295	-2.37162	0.0936082
0.103699	-2.26626	0.10387
0.0829596	-2.4894	0.0834306
0.0746636	-2.59476	0.0754012
0.103699	-2.26626	0.10387
0.0933295	-2.37162	0.0936082
0.0933295	-2.37162	0.0936082
0.0839966	-2.47698	0.0844427
0.116662	-2.14848	0.116757
0.116662	-2.14848	0.116757
0.129624	-2.04311	0.12968
0.0921773	-2.38404	0.0924722
0.0829596	-2.4894	0.0834306
0.115222	-2.1609	0.115323
0.0933295	-2.37162	0.0936082
0.103699	-2.26626	0.10387
0.0746636	-2.59476	0.0754012
0.0671973	-2.70012	0.0683316
0.0933295	-2.37162	0.0936082
0.0933295	-2.37162	0.0936082
0.103699	-2.26626	0.10387
0.128024	-2.05554	0.128083
0.0829596	-2.4894	0.0834306
0.0921773	-2.38404	0.0924722
0.103699	-2.26626	0.10387
0.115222	-2.1609	0.115323
0.0921773	-2.38404	0.0924722
0.0829596	-2.4894	0.0834306
0.103699	-2.26626	0.10387
0.103699	-2.26626	0.10387
0.115222	-2.1609	0.115323
0.102419	-2.27868	0.1026
0.0829596	-2.4894	0.0834306
0.0921773	-2.38404	0.0924722
0.0829596	-2.4894	0.0834306
0.0829596	-2.4894	0.0834306
0.0921773	-2.38404	0.0924722
0.103699	-2.26626	0.10387
0.115222	-2.1609	0.115323
0.0829596	-2.4894	0.0834306
0.0921773	-2.38404	0.0924722
0.142249	-1.95018	0.142282
0.0829596	-2.4894	0.0834306
0.0921773	-2.38404	0.0924722
0.0921773	-2.38404	0.0924722
0.102419	-2.27868	0.1026
0.115222	-2.1609	0.115323
0.128024	-2.05554	0.128083
0.103699	-2.26626	0.10387
0.115222	-2.1609	0.115323
0.0829596	-2.4894	0.0834306
0.0921773	-2.38404	0.0924722
0.103699	-2.26626	0.10387
0.115222	-2.1609	0.115323
0.0829596	-2.4894	0.0834306
0.0921773	-2.38404	0.0924722
0.0829596	-2.4894	0.0834306
0.0921773	-2.38404	0.0924722
0.0921773	-2.38404	0.0924722
0.102419	-2.27868	0.1026
0.115222	-2.1609	0.115323
0.128024	-2.05554	0.128083
0.142249	-1.95018	0.142282
0.115222	-2.1609	0.115323
0.0746636	-2.59476	0.0754012
0.0829596	-2.4894	0.0834306
0.0933295	-2.37162	0.0936082
0.103699	-2.26626	0.10387
0.0829596	-2.4894	0.0834306
0.0746636	-2.59476	0.0754012
0.0933295	-2.37162	0.0936082
0.0933295	-2.37162	0.0936082
0.103699	-2.26626	0.10387
0.0921773	-2.38404	0.0924722
0.0746636	-2.59476	0.0754012
0.0829596	-2.4894	0.0834306
0.0746636	-2.59476	0.0754012
0.0746636	-2.59476	0.0754012
0.0829596	-2.4894	0.0834306
0.0933295	-2.37162	0.0936082
0.103699	-2.26626	0.10387
0.0746636	-2.59476	0.0754012
0.0829596	-2.4894	0.0834306
0.128024	-2.05554	0.128083
0.0746636	-2.59476	0.0754012
0.0829596	-2.4894	0.0834306
0.0829596	-2.4894	0.0834306
0.0921773	-2.38404	0.0924722
0.103699	-2.26626	0.10387
0.115222	-2.1609	0.115323
0.285768	-1.25257	0.285768
0.185178	-1.68644	0.185185
0.205753	-1.58108	0.205756
0.231472	-1.4633	0.231474
0.257191	-1.35794	0.257192
0.205753	-1.58108	0.205756
0.185178	-1.68644	0.185185
0.231472	-1.4633	0.231474
0.231472	-1.4633	0.231474
0.257191	-1.35794	0.257192
0.228614	-1.47572	0.228616
0.185178	-1.68644	0.185185
0.205753	-1.58108	0.205756
0.185178	-1.68644	0.185185
0.185178	-1.68644	0.185185
0.205753	-1.58108	0.205756
0.0933295	-2.37162	0.0936082
0.103699	-2.26626	0.10387
0.116662	-2.14848	0.116757
0.129624	-2.04311	0.12968
0.144027	-1.93775	0.144058
0.231472	-1.4633	0.231474
0.257191	-1.35794	0.257192
0.185178	-1.68644	0.185185
0.205753	-1.58108	0.205756
0.144027	-1.93775	0.144058
0.116662	-2.14848	0.116757
0.129624	-2.04311	0.12968
0.0933295	-2.37162	0.0936082
0.103699	-2.26626	0.10387
0.31752	-1.14721	0.31752
0.185178	-1.68644	0.185185
0.205753	-1.58108	0.205756
0.115222	-2.1609	0.115323
0.103699	-2.26626	0.10387
0.205753	-1.58108	0.205756
0.228614	-1.47572	0.228616
0.116662	-2.14848	0.116757
0.0933295	-2.37162	0.0936082
0.257191	-1.35794	0.257192
0.285768	-1.25257	0.285768
0.185178	-1.68644	0.185185
0.205753	-1.58108	0.205756
0.148142	-1.90958	0.148169
0.164602	-1.80422	0.164617
0.148142	-1.90958	0.148169
0.164602	-1.80422	0.164617
0.164602	-1.80422	0.164617
0.182892	-1.69886	0.182899
0.205753	-1.58108	0.205756
0.228614	-1.47572	0.228616
0.254016	-1.37036	0.254017
0.144027	-1.93775	0.144058
0.0933295	-2.37162	0.0936082
0.103699	-2.26626	0.10387
0.116662	-2.14848	0.116757
0.129624	-2.04311	0.12968
0.103699	-2.26626	0.10387
0.0933295	-2.37162	0.0936082
0.116662	-2.14848	0.116757
0.116662	-2.14848	0.116757
0.129624	-2.04311	0.12968
0.115222	-2.1609	0.115323
0.0933295	-2.37162	0.0936082
0.103699	-2.26626	0.10387
0.0933295	-2.37162	0.0936082
0.0933295	-2.37162	0.0936082
0.103699	-2.26626	0.10387
0.144027	-1.93775	0.144058
0.0933295	-2.37162	0.0936082
0.103699	-2.26626	0.10387
0.116662	-2.14848	0.116757
0.129624	-2.04311	0.12968
0.103699	-2.26626	0.10387
0.0933295	-2.37162	0.0936082
0.116662	-2.14848	0.116757
0.116662	-2.14848	0.116757
0.129624	-2.04311	0.12968
0.115222	-2.1609	0.115323
0.0933295	-2.37162	0.0936082
0.103699	-2.26626	0.10387
0.0933295	-2.37162	0.0936082
0.0933295	-2.37162	0.0936082
0.103699	-2.26626	0.10387
0.103699	-2.26626	0.10387
0.115222	-2.1609	0.115323
0.0829596	-2.4894	0.0834306
0.0921773	-2.38404	0.0924722
0.0829596	-2.4894	0.0834306
0.0921773	-2.38404	0.0924722
0.0921773	-2.38404	0.0924722
0.102419	-2.27868	0.1026
0.115222	-2.1609	0.115323
0.128024	-2.05554	0.128083
0.142249	-1.95018	0.142282
0.228614	-1.47572	0.228616
0.148142	-1.90958	0.148169
0.164602	-1.80422	0.164617
0.185178	-1.68644	0.185185
0.205753	-1.58108	0.205756
0.164602	-1.80422	0.164617
0.148142	-1.90958	0.148169
0.185178	-1.68644	0.185185
0.185178	-1.68644	0.185185
0.205753	-1.58108	0.205756
0.182892	-1.69886	0.182899
0.148142	-1.90958	0.148169
0.164602	-1.80422	0.164617
0.148142	-1.90958	0.148169
0.148142	-1.90958	0.148169
0.164602	-1.80422	0.164617
0.185178	-1.68644	0.185185
0.205753	-1.58108	0.205756
0.148142	-1.90958	0.148169
0.164602	-1.80422	0.164617
0.254016	-1.37036	0.254017
0.148142	-1.90958	0.148169
0.164602	-1.80422	0.164617
0.164602	-1.80422	0.164617
0.182892	-1.69886	0.182899
0.205753	-1.58108	0.205756
0.228614	-1.47572	0.228616
0.115222	-2.1609	0.115323
0.0746636	-2.59476	0.0754012
0.0829596	-2.4894	0.0834306
0.0933295	-2.37162	0.0936082
0.103699	-2.26626	0.10387
0.0829596	-2.4894	0.0834306
0.0746636	-2.59476	0.0754012
0.0933295	-2.37162	0.0936082
0.0933295	-2.37162	0.0936082
0.103699	-2.26626	0.10387
0.0921773	-2.38404	0.0924722
0.0746636	-2.59476	0.0754012
0.0829596	-2.4894	0.0834306
0.0746636	-2.59476	0.0754012
0.0746636	-2.59476	0.0754012
0.0829596	-2.4894	0.0834306
0.185178	-1.68644	0.185185
0.205753	-1.58108	0.205756
0.148142	-1.90958	0.148169
0.164602	-1.80422	0.164617
0.185178	-1.68644	0.185185
0.205753	-1.58108	0.205756
0.148142	-1.90958	0.148169
0.164602	-1.80422	0.164617
0.0933295	-2.37162	0.0936082
0.103699	-2.26626	0.10387
0.0746636	-2.59476	0.0754012
0.0829596	-2.4894	0.0834306
0.148142	-1.90958	0.148169
0.164602	-1.80422	0.164617
0.164602	-1.80422	0.164617
0.182892	-1.69886	0.182899
0.205753	-1.58108	0.205756
0.228614	-1.47572	0.228616
0.254016	-1.37036	0.254017
0.144027	-1.93775	0.144058
0.0933295	-2.37162	0.0936082
0.103699	-2.26626	0.10387
0.116662	-2.14848	0.116757
0.129624	-2.04311	0.12968
0.144027	-1.93775	0.144058
0.0933295	-2.37162	0.0936082
0.103699	-2.26626	0.10387
0.116662	-2.14848	0.116757
0.129624	-2.04311	0.12968
0.103699	-2.26626	0.10387
0.0933295	-2.37162	0.0936082
0.116662	-2.14848	0.116757
0.116662	-2.14848	0.116757
0.129624	-2.04311	0.12968
0.115222	-2.1609	0.115323
0.0933295	-2.37162	0.0936082
0.103699	-2.26626	0.10387
0.0933295	-2.37162	0.0936082
0.0933295	-2.37162	0.0936082
0.103699	-2.26626	0.10387
0.128024	-2.05554	0.128083
0.0829596	-2.4894	0.0834306
0.0921773	-2.38404	0.0924722
0.103699	-2.26626	0.10387
0.115222	-2.1609	0.115323
0.0921773	-2.38404	0.0924722
0.0829596	-2.4894	0.0834306
0.103699	-2.26626	0.10387
0.103699	-2.26626	0.10387
0.115222	-2.1609	0.115323
0.102419	-2.27868	0.1026
0.0829596	-2.4894	0.0834306
0.0921773	-2.38404	0.0924722
0.0829596	-2.4894	0.0834306
0.0829596	-2.4894	0.0834306
0.0921773	-2.38404	0.0924722
0.103699	-2.26626	0.10387
0.115222	-2.1609	0.115323
0.0829596	-2.4894	0.0834306
0.0921773	-2.38404	0.0924722
0.142249	-1.95018	0.142282
0.0829596	-2.4894	0.0834306
0.0921773	-2.38404	0.0924722
0.0921773	-2.38404	0.0924722
0.102419	-2.27868	0.1026
0.115222	-2.1609	0.115323
0.128024	-2.05554	0.128083
0.504	-0.685179	0.504
0.3528	-1.04185	0.3528
0.205753	-1.58108	0.205756
0.285768	-1.25257	0.285768
0.31752	-1.14721	0.31752
0.185178	-1.68644	0.185185
0.367416	-1.00126	0.367416
0.257191	-1.35794	0.257192
0.103699	-2.26626	0.10387
0.205753	-1.58108	0.205756
0.144027	-1.93775	0.144058
0.185178	-1.68644	0.185185
0.257191	-1.35794	0.257192
0.285768	-1.25257	0.285768
0.0933295	-2.37162	0.0936082
0.185178	-1.68644	0.185185
0.129624	-2.04311	0.12968
0.231472	-1.4633	0.231474
0.129624	-2.04311	0.12968
0.45927	-0.778117	0.45927
0.321489	-1.13479	0.321489
0.185178	-1.68644	0.185185
0.185178	-1.68644	0.185185
0.367416	-1.00126	0.367416
0.257191	-1.35794	0.257192
0.115222	-2.1609	0.115323
0.16003	-1.83239	0.160047
0.177811	-1.72703	0.17782
0.103699	-2.26626	0.10387
0.205753	-1.58108	0.205756
0.144027	-1.93775	0.144058
0.148142	-1.90958	0.148169
0.133328	-2.01494	0.133376
0.103699	-2.26626	0.10387
0.185178	-1.68644	0.185185
0.103699	-2.26626	0.10387
0.185178	-1.68644	0.185185
0.367416	-1.00126	0.367416
0.257191	-1.35794	0.257192
0.231472	-1.4633	0.231474
0.185178	-1.68644	0.185185
0.16666	-1.7918	0.166673
0.231472	-1.4633	0.231474
0.129624	-2.04311	0.12968
0.129624	-2.04311	0.12968
0.321489	-1.13479	0.321489
0.35721	-1.02943	0.35721
0.185178	-1.68644	0.185185
0.148142	-1.90958	0.148169
0.133328	-2.01494	0.133376
0.185178	-1.68644	0.185185
0.103699	-2.26626	0.10387
0.103699	-2.26626	0.10387
0.257191	-1.35794	0.257192
0.285768	-1.25257	0.285768
0.164602	-1.80422	0.164617
0.148142	-1.90958	0.148169
0.115222	-2.1609	0.115323
0.205753	-1.58108	0.205756
0.115222	-2.1609	0.115323
0.205753	-1.58108	0.205756
0.40824	-0.8959	0.40824
0.285768	-1.25257	0.285768
0.116662	-2.14848	0.116757
0.231472	-1.4633	0.231474
0.16203	-1.81997	0.162046
0.0933295	-2.37162	0.0936082
0.185178	-1.68644	0.185185
0.129624	-2.04311	0.12968
0.129624	-2.04311	0.12968
0.180034	-1.71461	0.180042
0.200038	-1.60925	0.200042
0.0839966	-2.47698	0.0844427
0.16666	-1.7918	0.166673
0.116662	-2.14848	0.116757
0.116662	-2.14848	0.116757
0.231472	-1.4633	0.231474
0.16203	-1.81997	0.162046
0.103699	-2.26626	0.10387
0.144027	-1.93775	0.144058
0.16003	-1.83239	0.160047
0.0933295	-2.37162	0.0936082
0.185178	-1.68644	0.185185
0.129624	-2.04311	0.12968
0.0933295	-2.37162	0.0936082
0.129624	-2.04311	0.12968
0.144027	-1.93775	0.144058
0.116662	-2.14848	0.116757
0.231472	-1.4633	0.231474
0.16203	-1.81997	0.162046
0.116662	-2.14848	0.116757
0.116662	-2.14848	0.116757
0.116662	-2.14848	0.116757
0.231472	-1.4633	0.231474
0.16203	-1.81997	0.162046
0.103699	-2.26626	0.10387
0.185178	-1.68644	0.185185
0.367416	-1.00126	0.367416
0.257191	-1.35794	0.257192
0.231472	-1.4633	0.231474
0.129624	-2.04311	0.12968
0.321489	-1.13479	0.321489
0.35721	-1.02943	0.35721
0.185178	-1.68644	0.185185
0.103699	-2.26626	0.10387
0.257191	-1.35794	0.257192
0.285768	-1.25257	0.285768
0.115222	-2.1609	0.115323
0.205753	-1.58108	0.205756
0.40824	-0.8959	0.40824
0.285768	-1.25257	0.285768
0.129624	-2.04311	0.12968
0.180034	-1.71461	0.180042
0.200038	-1.60925	0.200042
0.116662	-2.14848	0.116757
0.231472	-1.4633	0.231474
0.16203	-1.81997	0.162046
0.116662	-2.14848	0.116757
0.116662	-2.14848	0.116757
0.231472	-1.4633	0.231474
0.16203	-1.81997	0.162046
0.205753	-1.58108	0.205756
0.116662	-2.14848	0.116757
0.0933295	-2.37162	0.0936082
0.228614	-1.47572	0.228616
0.31752	-1.14721	0.31752
0.3528	-1.04185	0.3528
0.185178	-1.68644	0.185185
0.205753	-1.58108	0.205756
0.104996	-2.25384	0.105156
0.0839966	-2.47698	0.0844427
0.40824	-0.8959	0.40824
0.285768	-1.25257	0.285768
0.185178	-1.68644	0.185185
0.129624	-2.04311	0.12968
0.16203	-1.81997	0.162046
0.180034	-1.71461	0.180042
0.129624	-2.04311	0.12968
0.144027	-1.93775	0.144058
0.205753	-1.58108	0.205756
0.144027	-1.93775	0.144058
0.103699	-2.26626	0.10387
0.115222	-2.1609	0.115323
0.228614	-1.47572	0.228616
0.16003	-1.83239	0.160047
0.185178	-1.68644	0.185185
0.104996	-2.25384	0.105156
0.0839966	-2.47698	0.0844427
0.205753	-1.58108	0.205756
0.285768	-1.25257	0.285768
0.31752	-1.14721	0.31752
0.16666	-1.7918	0.166673
0.116662	-2.14848	0.116757
0.145827	-1.92533	0.145856
0.16203	-1.81997	0.162046
0.116662	-2.14848	0.116757
0.129624	-2.04311	0.12968
0.185178	-1.68644	0.185185
0.129624	-2.04311	0.12968
0.0933295	-2.37162	0.0936082
0.103699	-2.26626	0.10387
0.205753	-1.58108	0.205756
0.144027	-1.93775	0.144058
0.231472	-1.4633	0.231474
0.129624	-2.04311	0.12968
0.116662	-2.14848	0.116757
0.257191	-1.35794	0.257192
0.131245	-2.03069	0.131296
0.104996	-2.25384	0.105156
0.144027	-1.93775	0.144058
0.5103	-0.672756	0.5103
0.35721	-1.02943	0.35721
0.185178	-1.68644	0.185185
0.103699	-2.26626	0.10387
0.0933295	-2.37162	0.0936082
0.205753	-1.58108	0.205756
0.205753	-1.58108	0.205756
0.104996	-2.25384	0.105156
0.0839966	-2.47698	0.0844427
0.40824	-0.8959	0.40824
0.285768	-1.25257	0.285768
0.0933295	-2.37162	0.0936082
0.185178	-1.68644	0.185185
0.129624	-2.04311	0.12968
0.116662	-2.14848	0.116757
0.16203	-1.81997	0.162046
0.180034	-1.71461	0.180042
0.0933295	-2.37162	0.0936082
0.129624	-2.04311	0.12968
0.144027	-1.93775	0.144058
0.103699	-2.26626	0.10387
0.205753	-1.58108	0.205756
0.144027	-1.93775	0.144058
0.115222	-2.1609	0.115323
0.128024	-2.05554	0.128083
0.177811	-1.72703	0.17782
0.197568	-1.62167	0.197572
0.103699	-2.26626	0.10387
0.115222	-2.1609	0.115323
0.228614	-1.47572	0.228616
0.16003	-1.83239	0.160047
0.293933	-1.2244	0.293933
0.205753	-1.58108	0.205756
0.257191	-1.35794	0.257192
0.285768	-1.25257	0.285768
0.205753	-1.58108	0.205756
0.228614	-1.47572	0.228616
0.326592	-1.11904	0.326592
0.228614	-1.47572	0.228616
0.0933295	-2.37162	0.0936082
0.185178	-1.68644	0.185185
0.129624	-2.04311	0.12968
0.185178	-1.68644	0.185185
0.205753	-1.58108	0.205756
0.104996	-2.25384	0.105156
0.0839966	-2.47698	0.0844427
0.40824	-0.8959	0.40824
0.285768	-1.25257	0.285768
0.148142	-1.90958	0.148169
0.164602	-1.80422	0.164617
0.326592	-1.11904	0.326592
0.228614	-1.47572	0.228616
0.148142	-1.90958	0.148169
0.103699	-2.26626	0.10387
0.129624	-2.04311	0.12968
0.144027	-1.93775	0.144058
0.103699	-2.26626	0.10387
0.115222	-2.1609	0.115323
0.164602	-1.80422	0.164617
0.115222	-2.1609	0.115323
0.26454	-1.32976	0.26454
0.185178	-1.68644	0.185185
0.231472	-1.4633	0.231474
0.257191	-1.35794	0.257192
0.185178	-1.68644	0.185185
0.205753	-1.58108	0.205756
0.293933	-1.2244	0.293933
0.205753	-1.58108	0.205756
0.0839966	-2.47698	0.0844427
0.16666	-1.7918	0.166673
0.116662	-2.14848	0.116757
0.133328	-2.01494	0.133376
0.148142	-1.90958	0.148169
0.293933	-1.2244	0.293933
0.205753	-1.58108	0.205756
0.133328	-2.01494	0.133376
0.0933295	-2.37162	0.0936082
0.116662	-2.14848	0.116757
0.129624	-2.04311	0.12968
0.0933295	-2.37162	0.0936082
0.103699	-2.26626	0.10387
0.148142	-1.90958	0.148169
0.103699	-2.26626	0.10387
0.185178	-1.68644	0.185185
0.205753	-1.58108	0.205756
0.16666	-1.7918	0.166673
0.133328	-2.01494	0.133376
0.104996	-2.25384	0.105156
0.0839966	-2.47698	0.0844427
0.40824	-0.8959	0.40824
0.285768	-1.25257	0.285768
0.116662	-2.14848	0.116757
0.231472	-1.4633	0.231474
0.16203	-1.81997	0.162046
0.0933295	-2.37162	0.0936082
0.185178	-1.68644	0.185185
0.129624	-2.04311	0.12968
0.185178	-1.68644	0.185185
0.129624	-2.04311	0.12968
0.16203	-1.81997	0.162046
0.180034	-1.71461	0.180042
0.129624	-2.04311	0.12968
0.144027	-1.93775	0.144058
0.205753	-1.58108	0.205756
0.144027	-1.93775	0.144058
0.164602	-1.80422	0.164617
0.115222	-2.1609	0.115323
0.144027	-1.93775	0.144058
0.16003	-1.83239	0.160047
0.115222	-2.1609	0.115323
0.128024	-2.05554	0.128083
0.182892	-1.69886	0.182899
0.128024	-2.05554	0.128083
0.103699	-2.26626	0.10387
0.115222	-2.1609	0.115323
0.228614	-1.47572	0.228616
0.16003	-1.83239	0.160047
0.103699	-2.26626	0.10387
0.115222	-2.1609	0.115323
0.116662	-2.14848	0.116757
0.0933295	-2.37162	0.0936082
0.228614	-1.47572	0.228616
0.16003	-1.83239	0.160047
0.231472	-1.4633	0.231474
0.129624	-2.04311	0.12968
0.116662	-2.14848	0.116757
0.28934	-1.24015	0.28934
0.231472	-1.4633	0.231474
0.129624	-2.04311	0.12968
0.257191	-1.35794	0.257192
0.145827	-1.92533	0.145856
0.116662	-2.14848	0.116757
0.104996	-2.25384	0.105156
0.145827	-1.92533	0.145856
0.116662	-2.14848	0.116757
0.145827	-1.92533	0.145856
0.145827	-1.92533	0.145856
0.185178	-1.68644	0.185185
0.103699	-2.26626	0.10387
0.0933295	-2.37162	0.0936082
0.231472	-1.4633	0.231474
0.185178	-1.68644	0.185185
0.103699	-2.26626	0.10387
0.116662	-2.14848	0.116757
0.0933295	-2.37162	0.0936082
0.0839966	-2.47698	0.0844427
0.116662	-2.14848	0.116757
0.0933295	-2.37162	0.0936082
0.116662	-2.14848	0.116757
0.116662	-2.14848	0.116757
0.285768	-1.25257	0.285768
0.3969	-0.924071	0.3969
0.441	-0.81871	0.441
0.228614	-1.47572	0.228616
0.254016	-1.37036	0.254017
0.293933	-1.2244	0.293933
0.205753	-1.58108	0.205756
0.164602	-1.80422	0.164617
0.115222	-2.1609	0.115323
0.205753	-1.58108	0.205756
0.228614	-1.47572	0.228616
0.148142	-1.90958	0.148169
0.103699	-2.26626	0.10387
0.103699	-2.26626	0.10387
0.367416	-1.00126	0.367416
0.257191	-1.35794	0.257192
0.148142	-1.90958	0.148169
0.293933	-1.2244	0.293933
0.205753	-1.58108	0.205756
0.128024	-2.05554	0.128083
0.142249	-1.95018	0.142282
0.164602	-1.80422	0.164617
0.115222	-2.1609	0.115323
0.185178	-1.68644	0.185185
0.148142	-1.90958	0.148169
0.133328	-2.01494	0.133376
0.185178	-1.68644	0.185185
0.103699	-2.26626	0.10387
0.103699	-2.26626	0.10387
0.257191	-1.35794	0.257192
0.285768	-1.25257	0.285768
0.185178	-1.68644	0.185185
0.129624	-2.04311	0.12968
0.148142	-1.90958	0.148169
0.103699	-2.26626	0.10387
0.144027	-1.93775	0.144058
0.16003	-1.83239	0.160047
0.133328	-2.01494	0.133376
0.0933295	-2.37162	0.0936082
0.185178	-1.68644	0.185185
0.129624	-2.04311	0.12968
0.115222	-2.1609	0.115323
0.128024	-2.05554	0.128083
0.148142	-1.90958	0.148169
0.103699	-2.26626	0.10387
0.103699	-2.26626	0.10387
0.115222	-2.1609	0.115323
0.185178	-1.68644	0.185185
0.129624	-2.04311	0.12968
0.0933295	-2.37162	0.0936082
0.0933295	-2.37162	0.0936082
0.185178	-1.68644	0.185185
0.129624	-2.04311	0.12968
0.205753	-1.58108	0.205756
0.228614	-1.47572	0.228616
0.26454	-1.32976	0.26454
0.185178	-1.68644	0.185185
0.148142	-1.90958	0.148169
0.103699	-2.26626	0.10387
0.185178	-1.68644	0.185185
0.205753	-1.58108	0.205756
0.133328	-2.01494	0.133376
0.0933295	-2.37162	0.0936082
0.0933295	-2.37162	0.0936082
0.330674	-1.10662	0.330674
0.231472	-1.4633	0.231474
0.133328	-2.01494	0.133376
0.26454	-1.32976	0.26454
0.185178	-1.68644	0.185185
0.115222	-2.1609	0.115323
0.128024	-2.05554	0.128083
0.148142	-1.90958	0.148169
0.103699	-2.26626	0.10387
0.16666	-1.7918	0.166673
0.116662	-2.14848	0.116757
0.133328	-2.01494	0.133376
0.0933295	-2.37162	0.0936082
0.129624	-2.04311	0.12968
0.144027	-1.93775	0.144058
0.119995	-2.1203	0.120078
0.0839966	-2.47698	0.0844427
0.16666	-1.7918	0.166673
0.116662	-2.14848	0.116757
0.103699	-2.26626	0.10387
0.115222	-2.1609	0.115323
0.133328	-2.01494	0.133376
0.0933295	-2.37162	0.0936082
0.0933295	-2.37162	0.0936082
0.103699	-2.26626	0.10387
0.16666	-1.7918	0.166673
0.116662	-2.14848	0.116757
0.0839966	-2.47698	0.0844427
0.0839966	-2.47698	0.0844427
0.16666	-1.7918	0.166673
0.116662	-2.14848	0.116757
0.0933295	-2.37162	0.0936082
0.205753	-1.58108	0.205756
0.164602	-1.80422	0.164617
0.0839966	-2.47698	0.0844427
0.148142	-1.90958	0.148169
0.205753	-1.58108	0.205756
0.116662	-2.14848	0.116757
0.0933295	-2.37162	0.0936082
0.115222	-2.1609	0.115323
0.115222	-2.1609	0.115323
0.285768	-1.25257	0.285768
0.31752	-1.14721	0.31752
0.185178	-1.68644	0.185185
0.103699	-2.26626	0.10387
0.182892	-1.69886	0.182899
0.0933295	-2.37162	0.0936082
0.164602	-1.80422	0.164617
0.0839966	-2.47698	0.0844427
0.103699	-2.26626	0.10387
0.0933295	-2.37162	0.0936082
0.116662	-2.14848	0.116757
0.103699	-2.26626	0.10387
0.128024	-2.05554	0.128083
0.0933295	-2.37162	0.0936082
0.231472	-1.4633	0.231474
0.129624	-2.04311	0.12968
0.228614	-1.47572	0.228616
0.116662	-2.14848	0.116757
0.116662	-2.14848	0.116757
0.128024	-2.05554	0.128083
0.185178	-1.68644	0.185185
0.0933295	-2.37162	0.0936082
0.228614	-1.47572	0.228616
0.116662	-2.14848	0.116757
0.103699	-2.26626	0.10387
0.4536	-0.79054	0.4536
0.31752	-1.14721	0.31752
0.257191	-1.35794	0.257192
0.285768	-1.25257	0.285768
0.330674	-1.10662	0.330674
0.231472	-1.4633	0.231474
0.185178	-1.68644	0.185185
0.129624	-2.04311	0.12968
0.231472	-1.4633	0.231474
0.257191	-1.35794	0.257192
0.16666	-1.7918	0.166673
0.116662	-2.14848	0.116757
0.116662	-2.14848	0.116757
0.413343	-0.883478	0.413343
0.28934	-1.24015	0.28934
0.16666	-1.7918	0.166673
0.330674	-1.10662	0.330674
0.231472	-1.4633	0.231474
0.144027	-1.93775	0.144058
0.16003	-1.83239	0.160047
0.185178	-1.68644	0.185185
0.129624	-2.04311	0.12968
0.330674	-1.10662	0.330674
0.231472	-1.4633	0.231474
0.26454	-1.32976	0.26454
0.185178	-1.68644	0.185185
0.238086	-1.43513	0.238087
0.16666	-1.7918	0.166673
0.330674	-1.10662	0.330674
0.231472	-1.4633	0.231474
0.185178	-1.68644	0.185185
0.129624	-2.04311	0.12968
0.185178	-1.68644	0.185185
0.129624	-2.04311	0.12968
0.321489	-1.13479	0.321489
0.35721	-1.02943	0.35721
0.148142	-1.90958	0.148169
0.133328	-2.01494	0.133376
0.103699	-2.26626	0.10387
0.185178	-1.68644	0.185185
0.103699	-2.26626	0.10387
0.185178	-1.68644	0.185185
0.367416	-1.00126	0.367416
0.257191	-1.35794	0.257192
0.330674	-1.10662	0.330674
0.231472	-1.4633	0.231474
0.185178	-1.68644	0.185185
0.129624	-2.04311	0.12968
0.321489	-1.13479	0.321489
0.35721	-1.02943	0.35721
0.103699	-2.26626	0.10387
0.185178	-1.68644	0.185185
0.367416	-1.00126	0.367416
0.257191	-1.35794	0.257192
0.293933	-1.2244	0.293933
0.205753	-1.58108	0.205756
0.257191	-1.35794	0.257192
0.285768	-1.25257	0.285768
0.185178	-1.68644	0.185185
0.330674	-1.10662	0.330674
0.231472	-1.4633	0.231474
0.103699	-2.26626	0.10387
0.185178	-1.68644	0.185185
0.129624	-2.04311	0.12968
0.26454	-1.32976	0.26454
0.185178	-1.68644	0.185185
0.231472	-1.4633	0.231474
0.257191	-1.35794	0.257192
0.0933295	-2.37162	0.0936082
0.16666	-1.7918	0.166673
0.116662	-2.14848	0.116757
0.231472	-1.4633	0.231474
0.116662	-2.14848	0.116757
0.413343	-0.883478	0.413343
0.28934	-1.24015	0.28934
0.185178	-1.68644	0.185185
0.16666	-1.7918	0.166673
0.330674	-1.10662	0.330674
0.231472	-1.4633	0.231474
0.164602	-1.80422	0.164617
0.115222	-2.1609	0.115323
0.144027	-1.93775	0.144058
0.16003	-1.83239	0.160047
0.103699	-2.26626	0.10387
0.185178	-1.68644	0.185185
0.129624	-2.04311	0.12968
0.205753	-1.58108	0.205756
0.228614	-1.47572	0.228616
0.26454	-1.32976	0.26454
0.185178	-1.68644	0.185185
0.148142	-1.90958	0.148169
0.103699	-2.26626	0.10387
0.185178	-1.68644	0.185185
0.205753	-1.58108	0.205756
0.133328	-2.01494	0.133376
0.0933295	-2.37162	0.0936082
0.0933295	-2.37162	0.0936082
0.330674	-1.10662	0.330674
0.231472	-1.4633	0.231474
0.133328	-2.01494	0.133376
0.26454	-1.32976	0.26454
0.185178	-1.68644	0.185185
0.115222	-2.1609	0.115323
0.128024	-2.05554	0.128083
0.148142	-1.90958	0.148169
0.103699	-2.26626	0.10387
0.26454	-1.32976	0.26454
0.185178	-1.68644	0.185185
0.211632	-1.55291	0.211634
0.148142	-1.90958	0.148169
0.190468	-1.65827	0.190474
0.133328	-2.01494	0.133376
0.26454	-1.32976	0.26454
0.185178	-1.68644	0.185185
0.148142	-1.90958	0.148169
0.103699	-2.26626	0.10387
0.148142	-1.90958	0.148169
0.103699	-2.26626	0.10387
0.257191	-1.35794	0.257192
0.285768	-1.25257	0.285768
0.185178	-1.68644	0.185185
0.148142	-1.90958	0.148169
0.133328	-2.01494	0.133376
0.103699	-2.26626	0.10387
0.103699	-2.26626	0.10387
0.0933295	-2.37162	0.0936082
0.231472	-1.4633	0.231474
0.185178	-1.68644	0.185185
0.103699	-2.26626	0.10387
0.185178	-1.68644	0.185185
0.185178	-1.68644	0.185185
0.103699	-2.26626	0.10387
0.367416	-1.00126	0.367416
0.257191	-1.35794	0.257192
0.16203	-1.81997	0.162046
0.180034	-1.71461	0.180042
0.185178	-1.68644	0.185185
0.129624	-2.04311	0.12968
0.116662	-2.14848	0.116757
0.208325	-1.56866	0.208328
0.145827	-1.92533	0.145856
0.0933295	-2.37162	0.0936082
0.16666	-1.7918	0.166673
0.116662	-2.14848	0.116757
0.208325	-1.56866	0.208328
0.145827	-1.92533	0.145856
0.16666	-1.7918	0.166673
0.116662	-2.14848	0.116757
0.185178	-1.68644	0.185185
0.129624	-2.04311	0.12968
0.16203	-1.81997	0.162046
0.180034	-1.71461	0.180042
0.145827	-1.92533	0.145856
0.16203	-1.81997	0.162046
0.16666	-1.7918	0.166673
0.116662	-2.14848	0.116757
0.0839966	-2.47698	0.0844427
0.149994	-1.89716	0.150019
0.104996	-2.25384	0.105156
0.116662	-2.14848	0.116757
0.104996	-2.25384	0.105156
0.208325	-1.56866	0.208328
0.145827	-1.92533	0.145856
0.16666	-1.7918	0.166673
0.116662	-2.14848	0.116757
0.16203	-1.81997	0.162046
0.180034	-1.71461	0.180042
0.0933295	-2.37162	0.0936082
0.185178	-1.68644	0.185185
0.129624	-2.04311	0.12968
0.148142	-1.90958	0.148169
0.103699	-2.26626	0.10387
0.129624	-2.04311	0.12968
0.144027	-1.93775	0.144058
0.0933295	-2.37162	0.0936082
0.16666	-1.7918	0.166673
0.116662	-2.14848	0.116757
0.133328	-2.01494	0.133376
0.0933295	-2.37162	0.0936082
0.116662	-2.14848	0.116757
0.129624	-2.04311	0.12968
0.116662	-2.14848	0.116757
0.208325	-1.56866	0.208328
0.145827	-1.92533	0.145856
0.0933295	-2.37162	0.0936082
0.0839966	-2.47698	0.0844427
0.116662	-2.14848	0.116757
0.131245	-2.03069	0.131296
0.104996	-2.25384	0.105156
0.104996	-2.25384	0.105156
0.104996	-2.25384	0.105156
0.208325	-1.56866	0.208328
0.145827	-1.92533	0.145856
0.205753	-1.58108	0.205756
0.228614	-1.47572	0.228616
0.26454	-1.32976	0.26454
0.185178	-1.68644	0.185185
0.148142	-1.90958	0.148169
0.103699	-2.26626	0.10387
0.185178	-1.68644	0.185185
0.205753	-1.58108	0.205756
0.133328	-2.01494	0.133376
0.0933295	-2.37162	0.0936082
0.0933295	-2.37162	0.0936082
0.330674	-1.10662	0.330674
0.231472	-1.4633	0.231474
0.133328	-2.01494	0.133376
0.26454	-1.32976	0.26454
0.185178	-1.68644	0.185185
0.115222	-2.1609	0.115323
0.128024	-2.05554	0.128083
0.148142	-1.90958	0.148169
0.103699	-2.26626	0.10387
0.26454	-1.32976	0.26454
0.185178	-1.68644	0.185185
0.211632	-1.55291	0.211634
0.148142	-1.90958	0.148169
0.190468	-1.65827	0.190474
0.133328	-2.01494	0.133376
0.26454	-1.32976	0.26454
0.185178	-1.68644	0.185185
0.148142	-1.90958	0.148169
0.103699	-2.26626	0.10387
0.148142	-1.90958	0.148169
0.103699	-2.26626	0.10387
0.257191	-1.35794	0.257192
0.285768	-1.25257	0.285768
0.26454	-1.32976	0.26454
0.185178	-1.68644	0.185185
0.148142	-1.90958	0.148169
0.103699	-2.26626	0.10387
0.257191	-1.35794	0.257192
0.285768	-1.25257	0.285768
0.205753	-1.58108	0.205756
0.228614	-1.47572	0.228616
0.26454	-1.32976	0.26454
0.185178	-1.68644	0.185185
0.148142	-1.90958	0.148169
0.103699	-2.26626	0.10387
0.185178	-1.68644	0.185185
0.205753	-1.58108	0.205756
0.133328	-2.01494	0.133376
0.0933295	-2.37162	0.0936082
0.0933295	-2.37162	0.0936082
0.330674	-1.10662	0.330674
0.231472	-1.4633	0.231474
0.133328	-2.01494	0.133376
0.26454	-1.32976	0.26454
0.185178	-1.68644	0.185185
0.115222	-2.1609	0.115323
0.128024	-2.05554	0.128083
0.148142	-1.90958	0.148169
0.103699	-2.26626	0.10387
0.129624	-2.04311	0.12968
0.144027	-1.93775	0.144058
0.16666	-1.7918	0.166673
0.116662	-2.14848	0.116757
0.133328	-2.01494	0.133376
0.0933295	-2.37162	0.0936082
0.16666	-1.7918	0.166673
0.116662	-2.14848	0.116757
0.133328	-2.01494	0.133376
0.0933295	-2.37162	0.0936082
0.129624	-2.04311	0.12968
0.144027	-1.93775	0.144058
0.116662	-2.14848	0.116757
0.129624	-2.04311	0.12968
0.119995	-2.1203	0.120078
0.0839966	-2.47698	0.0844427
0.0839966	-2.47698	0.0844427
0.16666	-1.7918	0.166673
0.116662	-2.14848	0.116757
0.133328	-2.01494	0.133376
0.0933295	-2.37162	0.0936082
0.129624	-2.04311	0.12968
0.144027	-1.93775	0.144058
0.103699	-2.26626	0.10387
0.115222	-2.1609	0.115323
0.133328	-2.01494	0.133376
0.0933295	-2.37162	0.0936082
0.0933295	-2.37162	0.0936082
0.103699	-2.26626	0.10387
0.16666	-1.7918	0.166673
0.116662	-2.14848	0.116757
0.104996	-2.25384	0.105156
0.0839966	-2.47698	0.0844427
0.0839966	-2.47698	0.0844427
0.0839966	-2.47698	0.0844427
0.16666	-1.7918	0.166673
0.116662	-2.14848	0.116757
0.205753	-1.58108	0.205756
0.228614	-1.47572	0.228616
0.26454	-1.32976	0.26454
0.185178	-1.68644	0.185185
0.148142	-1.90958	0.148169
0.103699	-2.26626	0.10387
0.185178	-1.68644	0.185185
0.205753	-1.58108	0.205756
0.133328	-2.01494	0.133376
0.0933295	-2.37162	0.0936082
0.0933295	-2.37162	0.0936082
0.330674	-1.10662	0.330674
0.231472	-1.4633	0.231474
0.133328	-2.01494	0.133376
0.26454	-1.32976	0.26454
0.185178	-1.68644	0.185185
0.115222	-2.1609	0.115323
0.128024	-2.05554	0.128083
0.148142	-1.90958	0.148169
0.103699	-2.26626	0.10387
0.16666	-1.7918	0.166673
0.116662	-2.14848	0.116757
0.133328	-2.01494	0.133376
0.0933295	-2.37162	0.0936082
0.129624	-2.04311	0.12968
0.144027	-1.93775	0.144058
0.119995	-2.1203	0.120078
0.0839966	-2.47698	0.0844427
0.16666	-1.7918	0.166673
0.116662	-2.14848	0.116757
0.103699	-2.26626	0.10387
0.115222	-2.1609	0.115323
0.133328	-2.01494	0.133376
0.0933295	-2.37162	0.0936082
0.0933295	-2.37162	0.0936082
0.103699	-2.26626	0.10387
0.16666	-1.7918	0.166673
0.116662	-2.14848	0.116757
0.0839966	-2.47698	0.0844427
0.0839966	-2.47698	0.0844427
0.16666	-1.7918	0.166673
0.116662	-2.14848	0.116757
0.129624	-2.04311	0.12968
0.144027	-1.93775	0.144058
0.16666	-1.7918	0.166673
0.116662	-2.14848	0.116757
0.0839966	-2.47698	0.0844427
0.16666	-1.7918	0.166673
0.116662	-2.14848	0.116757
0.228614	-1.47572	0.228616
0.254016	-1.37036	0.254017
0.293933	-1.2244	0.293933
0.205753	-1.58108	0.205756
0.164602	-1.80422	0.164617
0.115222	-2.1609	0.115323
0.205753	-1.58108	0.205756
0.228614	-1.47572	0.228616
0.148142	-1.90958	0.148169
0.103699	-2.26626	0.10387
0.103699	-2.26626	0.10387
0.367416	-1.00126	0.367416
0.257191	-1.35794	0.257192
0.148142	-1.90958	0.148169
0.293933	-1.2244	0.293933
0.205753	-1.58108	0.205756
0.128024	-2.05554	0.128083
0.142249	-1.95018	0.142282
0.164602	-1.80422	0.164617
0.115222	-2.1609	0.115323
0.133328	-2.01494	0.133376
0.0933295	-2.37162	0.0936082
0.293933	-1.2244	0.293933
0.205753	-1.58108	0.205756
0.235146	-1.44755	0.235148
0.164602	-1.80422	0.164617
0.119995	-2.1203	0.120078
0.0839966	-2.47698	0.0844427
0.211632	-1.55291	0.211634
0.148142	-1.90958	0.148169
0.293933	-1.2244	0.293933
0.205753	-1.58108	0.205756
0.16666	-1.7918	0.166673
0.116662	-2.14848	0.116757
0.133328	-2.01494	0.133376
0.0933295	-2.37162	0.0936082
0.164602	-1.80422	0.164617
0.115222	-2.1609	0.115323
0.164602	-1.80422	0.164617
0.115222	-2.1609	0.115323
0.285768	-1.25257	0.285768
0.31752	-1.14721	0.31752
0.185178	-1.68644	0.185185
0.0933295	-2.37162	0.0936082
0.0933295	-2.37162	0.0936082
0.205753	-1.58108	0.205756
0.164602	-1.80422	0.164617
0.0933295	-2.37162	0.0936082
0.148142	-1.90958	0.148169
0.0839966	-2.47698	0.0844427
0.0933295	-2.37162	0.0936082
0.0839966	-2.47698	0.0844427
0.116662	-2.14848	0.116757
0.116662	-2.14848	0.116757
0.0933295	-2.37162	0.0936082
0.0839966	-2.47698	0.0844427
0.103699	-2.26626	0.10387
0.115222	-2.1609	0.115323
0.115222	-2.1609	0.115323
0.0933295	-2.37162	0.0936082
0.103699	-2.26626	0.10387
0.231472	-1.4633	0.231474
0.116662	-2.14848	0.116757
0.116662	-2.14848	0.116757
0.257191	-1.35794	0.257192
0.205753	-1.58108	0.205756
0.116662	-2.14848	0.116757
0.116662	-2.14848	0.116757
0.115222	-2.1609	0.115323
0.185178	-1.68644	0.185185
0.205753	-1.58108	0.205756
0.0933295	-2.37162	0.0936082
0.205753	-1.58108	0.205756
0.116662	-2.14848	0.116757
0.116662	-2.14848	0.116757
0.103699	-2.26626	0.10387
0.115222	-2.1609	0.115323
0.40824	-0.8959	0.40824
0.285768	-1.25257	0.285768
0.231472	-1.4633	0.231474
0.129624	-2.04311	0.12968
0.116662	-2.14848	0.116757
0.28934	-1.24015	0.28934
0.231472	-1.4633	0.231474
0.129624	-2.04311	0.12968
0.257191	-1.35794	0.257192
0.145827	-1.92533	0.145856
0.116662	-2.14848	0.116757
0.104996	-2.25384	0.105156
0.145827	-1.92533	0.145856
0.116662	-2.14848	0.116757
0.145827	-1.92533	0.145856
0.145827	-1.92533	0.145856
0.257191	-1.35794	0.257192
0.145827	-1.92533	0.145856
0.145827	-1.92533	0.145856
0.257191	-1.35794	0.257192
0.129624	-2.04311	0.12968
0.144027	-1.93775	0.144058
0.116662	-2.14848	0.116757
0.129624	-2.04311	0.12968
0.321489	-1.13479	0.321489
0.257191	-1.35794	0.257192
0.129624	-2.04311	0.12968
0.144027	-1.93775	0.144058
0.185178	-1.68644	0.185185
0.103699	-2.26626	0.10387
0.0933295	-2.37162	0.0936082
0.231472	-1.4633	0.231474
0.185178	-1.68644	0.185185
0.103699	-2.26626	0.10387
0.116662	-2.14848	0.116757
0.0933295	-2.37162	0.0936082
0.0839966	-2.47698	0.0844427
0.116662	-2.14848	0.116757
0.0933295	-2.37162	0.0936082
0.116662	-2.14848	0.116757
0.116662	-2.14848	0.116757
0.285768	-1.25257	0.285768
0.205753	-1.58108	0.205756
0.205753	-1.58108	0.205756
0.116662	-2.14848	0.116757
0.205753	-1.58108	0.205756
0.116662	-2.14848	0.116757
0.0933295	-2.37162	0.0936082
0.228614	-1.47572	0.228616
0.257191	-1.35794	0.257192
0.205753	-1.58108	0.205756
0.103699	-2.26626	0.10387
0.103699	-2.26626	0.10387
0.185178	-1.68644	0.185185
0.185178	-1.68644	0.185185
0.104996	-2.25384	0.105156
0.185178	-1.68644	0.185185
0.104996	-2.25384	0.105156
0.0839966	-2.47698	0.0844427
0.205753	-1.58108	0.205756
0.185178	-1.68644	0.185185
0.0933295	-2.37162	0.0936082
0.0933295	-2.37162	0.0936082
0.257191	-1.35794	0.257192
0.145827	-1.92533	0.145856
0.116662	-2.14848	0.116757
0.129624	-2.04311	0.12968
0.129624	-2.04311	0.12968
0.145827	-1.92533	0.145856
0.116662	-2.14848	0.116757
0.116662	-2.14848	0.116757
0.0933295	-2.37162	0.0936082
0.129624	-2.04311	0.12968
0.115222	-2.1609	0.115323
0.115222	-2.1609	0.115323
0.115222	-2.1609	0.115323
0.128024	-2.05554	0.128083
0.144027	-1.93775	0.144058
0.144027	-1.93775	0.144058
0.35721	-1.02943	0.35721
0.3969	-0.924071	0.3969
0.231472	-1.4633	0.231474
0.129624	-2.04311	0.12968
0.116662	-2.14848	0.116757
0.28934	-1.24015	0.28934
0.231472	-1.4633	0.231474
0.129624	-2.04311	0.12968
0.231472	-1.4633	0.231474
0.185178	-1.68644	0.185185
0.16666	-1.7918	0.166673
0.231472	-1.4633	0.231474
0.129624	-2.04311	0.12968
0.129624	-2.04311	0.12968
0.257191	-1.35794	0.257192
0.231472	-1.4633	0.231474
0.129624	-2.04311	0.12968
0.257191	-1.35794	0.257192
0.205753	-1.58108	0.205756
0.231472	-1.4633	0.231474
0.129624	-2.04311	0.12968
0.185178	-1.68644	0.185185
0.116662	-2.14848	0.116757
0.28934	-1.24015	0.28934
0.231472	-1.4633	0.231474
0.115222	-2.1609	0.115323
0.129624	-2.04311	0.12968
0.185178	-1.68644	0.185185
0.103699	-2.26626	0.10387
0.0933295	-2.37162	0.0936082
0.231472	-1.4633	0.231474
0.185178	-1.68644	0.185185
0.103699	-2.26626	0.10387
0.185178	-1.68644	0.185185
0.148142	-1.90958	0.148169
0.133328	-2.01494	0.133376
0.185178	-1.68644	0.185185
0.103699	-2.26626	0.10387
0.103699	-2.26626	0.10387
0.257191	-1.35794	0.257192
0.129624	-2.04311	0.12968
0.145827	-1.92533	0.145856
0.116662	-2.14848	0.116757
0.145827	-1.92533	0.145856
0.116662	-2.14848	0.116757
0.129624	-2.04311	0.12968
0.116662	-2.14848	0.116757
0.104996	-2.25384	0.105156
0.145827	-1.92533	0.145856
0.116662	-2.14848	0.116757
0.129624	-2.04311	0.12968
0.103699	-2.26626	0.10387
0.116662	-2.14848	0.116757
0.0933295	-2.37162	0.0936082
0.145827	-1.92533	0.145856
0.145827	-1.92533	0.145856
0.185178	-1.68644	0.185185
0.103699	-2.26626	0.10387
0.0933295	-2.37162	0.0936082
0.231472	-1.4633	0.231474
0.185178	-1.68644	0.185185
0.103699	-2.26626	0.10387
0.185178	-1.68644	0.185185
0.148142	-1.90958	0.148169
0.133328	-2.01494	0.133376
0.185178	-1.68644	0.185185
0.103699	-2.26626	0.10387
0.103699	-2.26626	0.10387
0.185178	-1.68644	0.185185
0.103699	-2.26626	0.10387
0.185178	-1.68644	0.185185
0.103699	-2.26626	0.10387
0.0933295	-2.37162	0.0936082
0.231472	-1.4633	0.231474
0.185178	-1.68644	0.185185
0.103699	-2.26626	0.10387
0.116662	-2.14848	0.116757
0.0933295	-2.37162	0.0936082
0.116662	-2.14848	0.116757
0.0933295	-2.37162	0.0936082
0.0839966	-2.47698	0.0844427
0.116662	-2.14848	0.116757
0.0933295	-2.37162	0.0936082
0.0933295	-2.37162	0.0936082
0.116662	-2.14848	0.116757
0.116662	-2.14848	0.116757
0.185178	-1.68644	0.185185
0.103699	-2.26626	0.10387
0.0933295	-2.37162	0.0936082
0.231472	-1.4633	0.231474
0.185178	-1.68644	0.185185
0.103699	-2.26626	0.10387
0.116662	-2.14848	0.116757
0.0933295	-2.37162	0.0936082
0.0839966	-2.47698	0.0844427
0.116662	-2.14848	0.116757
0.0933295	-2.37162	0.0936082
0.116662	-2.14848	0.116757
0.116662	-2.14848	0.116757
0.116662	-2.14848	0.116757
0.116662	-2.14848	0.116757
0.205753	-1.58108	0.205756
0.115222	-2.1609	0.115323
0.103699	-2.26626	0.10387
0.257191	-1.35794	0.257192
0.205753	-1.58108	0.205756
0.115222	-2.1609	0.115323
0.0933295	-2.37162	0.0936082
0.205753	-1.58108	0.205756
0.164602	-1.80422	0.164617
0.0839966	-2.47698	0.0844427
0.148142	-1.90958	0.148169
0.205753	-1.58108	0.205756
0.116662	-2.14848	0.116757
0.0933295	-2.37162	0.0936082
0.115222	-2.1609	0.115323
0.115222	-2.1609	0.115323
